174.34991939042334 1.3905298379995608
119.74861654188035 1.9552332557155392
154.19075531518916 7.559066410006113
98.69058713809851 12.842529181513727
2.9673005116817963 20.435422720304675
178.44562017068702 29.762653424779998
97.50080774474996 52.55896958199969
204.14068622185707 54.769671447797236
21.10444266741953 58.87542197633333
75.10618775507373 65.8608705900713
215.3283897407768 78.93471355749983
96.92484977999706 81.19342207229938
185.02985248171117 83.26863618990569
197.82082749144266 89.29838607470477
116.87200651637723 105.83948153496631
164.485989872422 107.00507922952879
225.81023445873274 106.96606028869185
114.89772686810888 119.08210288774117
209.52452817083736 122.58091359264259
103.64474601130595 124.0605616023351
207.36796014071015 138.01936367955685
210.86528873433215 148.42411758741844
22.412339461946296 172.58466268767904
44.42869450358664 182.21676765135962
103.02110995600103 185.89862521703807
111.31305748675328 193.15538208651824
136.4293812375251 197.88526625066504
170.06134375587405 204.48868380288204
114.10763206059676 208.48472419521275
71.99812963578832 212.98234912372405
160.39185410392722 221.62548445444892
209.4634631842765 222.53106880608627
224.74451038299043 223.1223886201171
24.105199644424133 225.5856372368818
= =
= =
24.269836520802222 0.5444283979064254
149.25897125225688 2.293074330784148
171.02906832656356 6.309270641374033
116.32479976051671 7.012629460677067
150.83727866678868 12.592502975397034
12.069624013423248 16.805659867966654
95.21068751778385 17.92769074933185
0.27578323428647733 25.59175986203846
175.16559145414027 34.80709417869394
94.04479251594563 57.62029986988193
200.9096642091041 59.835265406916896
17.672033930502845 64.04516109615814
230.76113099188203 70.12288540882294
71.55798943584003 71.0418196204249
212.04292336953955 84.03674872391348
93.40570840253342 86.40995857790311
181.592012936907 88.45243629108438
194.55277241597332 94.40142774133278
113.3289293729923 111.03801805042646
160.95881592539575 112.22368168822085
222.49932745257448 112.1270465731179
64.21727097961059 119.08012106822585
111.35818498415034 124.27806245648301
206.21609050757667 127.82258504687584
100.11811782768243 129.28534627559776
203.98117708240756 143.22576193386848
207.46263417860607 153.60117400568382
19.016732083624706 177.66485315564213
40.962056854188695 187.29453966926803
99.4466270868747 191.06339234315334
107.78338098950876 198.31681303269906
132.99416272339383 203.07702791168413
166.5489028828213 209.6193949234407
110.57697956739062 213.57218652994254
68.52447779577406 218.02909240668671
157.0024538650184 226.82160059309575
206.06093502675662 227.71931230788428
221.50822936178366 228.33118179295943
= =
= =
194.4209179928093 1.2040956455826637
25.601503825251797 5.595693948378739
108.8313998940747 8.623019903487222
11.950094828413532 15.62039178094912
137.31820456314998 17.666995621806706
104.18128246944626 22.64951773301402
159.2311322413635 21.62855949936405
82.97953810309028 33.58634223134468
81.73524257634065 73.69992662792897
5.551729952044934 80.09369076767909
220.558514358428 85.67729701481004
59.27212125426825 87.21805615383278
81.07159133619443 102.59089877800831
169.5453952080557 104.54435158213417
221.58316025813252 108.19460872797444
182.5346569068619 110.48697309871845
101.00602170985456 127.32049028455492
148.77785192490515 128.42061397813976
51.980839448516114 135.33475288846537
99.03725239682352 140.46567570873825
194.12171736443955 143.8896656805461
87.8426686505205 145.59027192815628
191.84910184102787 159.34654384715284
195.36475881431878 169.65776248550554
7.222432653157811 193.52430230457543
151.12748061476609 198.10979316925687
83.0533421314672 202.1347799803693
28.989691217140653 203.109307594106
87.22198502702678 207.0344949483651
95.42842773191596 214.21231273355318
120.6520205041209 218.94635934909675
154.24629830701298 225.50455100812087
98.37014701759058 229.2433378681291
= =
= =
43.613033394949056 1.798681586274708
127.03814947840878 5.128256891894336
29.898880564071682 11.781655248355824
155.5438022610812 14.2240304994878
177.25551938983003 18.291561149098694
122.50783141516055 18.974650191427035
157.05390893068093 24.60570595156666
17.656526506029863 28.46363060117444
101.31727693873067 29.936355188873804
5.158437553710439 37.34506946950434
181.4305554286508 46.98004262765622
74.09177825982181 51.70967324496512
100.1921014879842 69.96732003014195
207.01143914134414 72.06019127677217
23.484749612508303 76.24206261623893
77.70165579261328 83.461855275513
218.07223989097076 96.37300902389046
99.54086780835887 98.88773466331138
187.7860926902924 100.79888843973528
200.52118037264128 106.75396343408268
52.38249373091753 110.22442572418788
119.51563669065008 123.51946317106486
158.99189064203892 123.76454870720283
167.13363811086828 124.65553473694898
117.54590684982128 136.80736133122375
212.1498258032423 140.095931457775
106.38091903275502 141.78705334793008
209.9110068567423 155.6034350146298
213.37325231991926 165.83386568644906
25.190658597458825 190.07731469436533
127.13915571139975 193.4955272474307
169.38566649552857 194.28966607170327
47.16201632772209 199.64189698296346
105.67724455197595 203.42582425079007
113.94183989040906 210.51494791268453
139.09735641792264 215.2447607346584
172.4273122140474 221.57232183318624
149.56953788054946 224.41208814456388
116.75506851799874 225.7045377083773
74.8044230293828 229.70473004131685
= =
= =
39.16748796643814 1.3428010074070473
122.49580134070023 4.66038641426133
25.48100384814746 11.327895079289862
150.9544363672224 13.619203753614196
117.92720248960423 18.472475531400644
172.75708405861727 17.67305197457873
96.7534528015549 29.476035687021632
0.8737650098641887 36.890489671269705
95.5679706909869 69.50281025054038
19.042610382056356 75.73955359399898
73.09874200186466 82.91514713134293
94.95382132082736 98.36848262183965
183.25775926732538 100.31303034569876
196.06122842123509 106.24319469232113
114.91028287759697 123.0372857141625
162.51742508333902 124.14576487056321
207.64305119306238 139.58141861861327
101.6968716925168 141.2972383968454
205.42122199580288 155.04366456379236
208.88416673811696 165.35836385714285
20.61324621170841 189.4935294669317
42.52615142159351 199.04351100134267
101.01998868145097 202.83384384841997
109.29549961592238 210.02285492614934
134.4880725424161 214.71278608544242
167.93796124537832 221.11782794903266
112.09188371210634 225.14393728040054
70.16614876393626 228.74668434887153
= =
= =
8.432533824054358 0.1913550369736621
132.99750399788505 0.9593986067805775
154.8532312977973 4.890965049872111
99.9855068887805 5.768133548601018
134.4916014362617 11.288852020677213
78.89349187902485 16.725279133536855
76.84283011946512 29.197182872512602
158.9057544869517 33.48373338400112
51.75485703535763 38.46574417413709
119.48633229070403 44.87869135487817
221.13500989514677 48.632432899524886
77.56320942233839 56.51265491831113
184.75705060173465 58.480804039251225
1.6072025986337886 63.0081227811614
216.3411102064872 68.67853102295065
55.12860350994829 69.93761486686448
0.21986705514862606 72.79613866517994
85.85879093669115 72.48750419957847
137.81094259602688 78.85954781454194
195.92020469631774 82.7520928053557
76.85653587593433 85.23455138131813
165.25473654910914 87.16906714717777
217.28404003687675 88.18060862332683
217.5011601175999 91.11649875838344
27.133224463385822 92.12634354548366
178.18060682220977 93.15227783635973
29.91639558084745 96.56538614230155
204.08658415902096 100.08876818618639
96.76146133052434 109.85602260240545
136.29531420166464 110.11058876893168
144.5680892523983 111.02657801127532
206.57601706655495 110.96562173201036
10.246734370707372 114.1033387782215
47.773075146206814 117.90323267372075
170.83628729042604 118.01200961055633
230.59865165019832 120.14203568234848
94.76613414958813 123.07705945225415
47.22684728030098 123.85416414021249
154.18894503010043 126.76999187042834
189.97873981815087 126.608231018804
83.52980811628903 128.06318220846174
82.69711455309239 132.50799726101704
187.76039651826798 142.12268154153332
37.205205552968216 145.70682697467225
191.29382567595349 152.6262931633246
201.0177659342001 156.28768747895683
61.149554928614364 156.57218972121004
140.77576648555544 170.73927007031736
2.8927951700439025 176.28960993607785
201.81064947457426 177.2325326888932
104.46272003508507 180.0458045464876
146.9707791870597 180.98246092585288
78.78700523980547 184.94127959585282
24.626153994759324 185.96823893673718
82.92698930456855 189.88576632775215
214.97682388662727 190.86325084419008
91.19171705763371 197.11737717302856
116.43009661556212 201.94812464821376
150.1449448096995 208.56441092015507
45.917285020482986 210.12105663959605
127.02744902150151 211.2334494591198
94.0667898558019 212.41784372316405
207.39497324465995 214.1440391998843
52.115262081826984 216.73112390483283
58.92709460084376 218.9383570438617
140.62388196774455 225.8334935091109
189.98726182566458 226.89016665909205
205.550641290082 227.48716521084563
4.8017331183724625 228.96856347328776
= =
= =
124.26284761765797 3.166905510017633
178.7986009164315 2.565344843385536
158.6871382642099 8.85194695311454
19.8902322783581 12.676393580587119
103.1883359479485 14.006652401239831
7.438118844714548 21.468721903777833
182.9876310739209 31.043015998100994
76.03580610013053 35.53849668220346
102.02201936277037 53.68704946741602
208.5895478155685 56.0273351036336
25.475255838065802 59.985255323407024
79.49830615242203 67.06795949429598
23.882002730326462 69.81129213707912
219.69150029406288 80.1965855712279
101.34155804889545 82.49593018253906
189.48711983715617 84.53373643503375
202.2289220694975 90.4819509366878
54.18667085609036 93.72243032724778
121.26519723105508 107.06839645079172
160.67182787896905 107.39937430646785
168.82738890544803 108.32684250668528
230.11404867068336 108.32400717594854
72.14701088518387 115.09207050677571
119.2704019238858 120.33333706747517
71.59148240061381 121.05811040744327
213.91661480792766 123.89979432080075
108.05847908310216 125.31163326574008
211.68742805554893 139.32319907588777
215.17413620071378 149.66561608541
26.771403857524515 173.73379019827198
128.83618885327644 177.27285378599902
171.24981152711058 178.10912195081514
103.17507181560198 182.20123665695232
48.73566363052777 183.38508239778574
107.3589479755314 187.11985545444946
115.58192445015528 194.39333689514044
112.8792967634298 195.68560001006907
140.8235195077052 199.12311063941814
174.33068005629525 205.64482799479282
151.3646932196838 208.43663059473013
118.45100183656396 209.63753777144336
76.32957916405113 214.13538124930218
164.72529560339498 222.85017712174908
213.6434132204081 223.72329472422035
228.96767572944773 224.36313797409363
28.50896614985732 226.67368480278756
= =
= =
152.5926278748712 0.26076747532823097
174.37678559171084 3.093209240801274
119.81578542449232 3.727545272018353
154.28726143451206 9.41176841063088
98.74127982193232 14.566979626983287
3.0976408253464482 22.12515587777554
178.5425655398217 31.50502388616353
71.52340974005651 36.21541514756239
97.48979563819896 54.29553845643608
204.2328632813882 56.53582128212559
21.160771779489338 60.6176358537256
75.07971070413542 67.66154574961872
96.8473795674445 83.06030613992428
184.99481933372437 85.12071263032952
197.8151342512212 91.08959431628854
49.72592527494442 94.36706313034787
116.761907722514 107.63838319905507
156.1965374674495 107.93585607017415
164.36763574283506 108.88127425748782
225.81009344549227 108.85645976675534
67.66517315658675 115.68967362296426
114.79702034227464 120.92173502743611
67.15535402579182 121.63717671218153
209.4639602963882 124.53999426149393
103.51930303606176 125.87401038061627
207.2876112080264 139.90526106776028
210.79553761125163 150.28348624457843
22.391975526225384 174.310839473419
124.36385396688699 177.82990283732528
166.80003265339448 178.69761465459317
98.71029484076954 182.8012096014206
44.31752449933984 183.9283453477489
102.84825787869163 187.67047313051052
111.11608140097911 194.93898431345983
136.36020777561603 199.68190990324157
169.89699826690054 206.27411832878448
146.8871243761138 208.98113499872431
113.93052642174032 210.228028740188
71.86361656060116 214.68471396811628
160.2752300141737 223.47264029811055
209.31712372718954 224.37090599639228
224.7114486005929 225.05135280709737
24.0802726198154 227.21788635684578
= =
= =
130.47798302722896 6.879813249027646
34.396383896526075 13.770866090275506
129.51077513503424 46.42203227756977
52.829775489213304 52.41211638833973
107.14897574255896 59.590341328069776
1.183562658678719 67.97896316976072
128.9682880558967 75.04793079130853
216.350214760248 77.48328799568701
228.96412743055208 83.41694602315737
148.86898675991065 99.65269075245276
196.0761707706878 100.95148282420907
1.1980887137942866 107.06831389190629
146.88138561805474 112.8690648127769
135.6888725233095 117.85682174221596
23.49504970727917 152.68347992131362
54.02523495380746 166.54345698727167
76.1548318359005 176.09478761591492
134.9118349616801 179.6622475674218
143.14074528833032 186.93565054035412
168.2431800062895 191.6104516301525
201.48881197216377 198.05930766079157
145.8886149355113 202.23290675198967
103.75004734638634 206.8971923223685
191.8536370367144 215.28494891184928
55.517236073507775 219.7718987102351
= =
= =
49.80561916225069 0.34934352961457715
174.86230517353735 2.8979328617664986
142.17949775641685 7.470339425795757
196.43376592612918 7.101413784258832
176.402685472705 13.22471009348116
37.445634427601355 16.548554012084143
121.16210514815275 18.186389798150987
24.947529720306893 25.22724362822728
200.71422059248033 35.555055968342245
94.04635429771665 39.68016439859488
120.08031237020145 57.91176965434256
226.123070718598 60.48881749974291
43.342755192159395 63.98739599760319
97.58641142207175 71.21237530843415
119.49205973847165 86.63785058094237
207.1483353398688 88.94100041144071
219.84638706734532 94.91561488917407
72.14327541839809 97.8787835265648
139.3743587130939 111.31184095464106
178.62019507318618 111.66153140607223
186.72174579796123 112.60910015006482
90.24584772032654 119.2275684642291
137.35372450412981 124.5991393141592
89.65658377366213 125.23227572368612
231.4357256089068 128.1639210637462
126.1605410239447 129.56519502621938
229.1544128808052 143.48455394204134
232.59842106874999 153.8606134823288
14.093685621952721 164.1539562422277
44.50485109531949 178.00764098869678
146.8194515050117 181.44585534899082
189.0092745498926 182.19688232458864
121.1824153468071 186.3577498746361
66.62438629111973 187.59568526059286
125.36689515158898 191.35617560445266
133.547718169478 198.4810620723203
131.35390713054662 199.76595099347378
158.68585897805525 203.24382103980608
191.96229466314819 209.70366459409675
169.16598957592424 212.4800183394558
136.35275503469336 213.81112328651565
94.21730785194005 218.36045176469872
182.44231252041666 226.8482116764064
230.84319931924247 227.51537510108335
46.07861307327297 231.0799515577578
= =
= =
22.578000595467316 6.255289137908311
197.8225534845819 16.179377964291902
91.44886588650368 20.312217277713263
159.09814754841162 27.10260387490071
117.4458527780507 38.36413669763837
223.30953831475173 41.10275593447301
40.883378009758204 44.64477541256562
95.01733702362854 51.57369060665337
39.18123815615922 54.33784361136407
177.41001321491774 60.84471368729347
116.8231909345619 66.97611689272102
204.38102071889963 69.23752735505643
217.15978854447107 75.23977307165056
69.57198149162976 78.16674987909998
136.75761603539175 91.6211072006191
175.9978243162751 91.90989702972051
184.09571535780793 92.84537496144792
87.597441435587 99.62125653000896
87.09712561106845 105.53979375200107
134.80026673246357 104.75907829846513
228.8820920045 108.5391398388712
123.53433413762502 109.72981920436065
226.70276917278812 123.85355745895211
229.73971612254874 134.22834616612792
11.538482784354903 144.68239857183863
41.961061285773994 158.47105473657868
144.32505049779738 161.75700551160577
186.65909991732386 162.62431522936663
118.66308653094246 166.72398390942243
64.04085260394525 168.0282197432338
122.8417152607509 171.6563355242076
131.08769417023757 178.9360024630671
156.28731146742996 183.6700195643811
189.74443831048285 190.20598190240543
166.82088797847183 192.96894914458306
133.92190015196118 194.30004396018535
91.66393101280072 198.90629726863148
180.15361306385537 207.45412163794754
228.82258051417682 208.40960769054414
43.40722456363407 211.85417273233347
= =
= =
22.637272568743796 0.8668936105433125
105.56766502319694 3.731572616485792
8.975558488018969 10.728295831685728
134.01267725900075 12.73671785884105
155.9055596216228 16.71096336470778
100.91470156797091 17.52925170269998
79.71399307841622 28.59580567634297
78.4276533767186 68.57044479370408
2.2944648963308643 74.92122575209139
217.2806187000239 80.76164552676124
55.955981436249175 82.06153966359304
77.6385868859676 97.51060201104428
166.09930186540745 99.47335661542337
218.2644603871327 103.24076359981744
179.01901988701337 105.41071424212144
97.51314449818487 122.12209216154518
145.28493764338228 123.30047935673457
190.68452736661627 138.8902892094525
84.33965912186699 140.34621706810944
188.4391343109216 154.3355903056537
191.91067833662686 164.6834977555626
3.716603895522713 188.18580957872618
25.524785213111116 197.85091929819086
83.66706483113927 201.84897338991317
91.93546273754218 209.09946692102818
117.11134229154474 213.89490984064253
94.76497652622052 224.25985058164937
52.929200435263496 228.48253897872178
= =
= =
157.6212771584686 2.021521829029193
102.77949410443642 2.8978395395274132
137.35010506806836 8.425924403392681
81.6369408113926 13.8586295544505
161.68727802971722 30.506831733203896
80.38729956675382 53.58913931158275
187.464666550779 55.64876348640502
4.34076500158376 60.03653484629807
219.06186012387556 65.72912147150149
57.94508281961761 66.94402512607446
198.6515973855567 79.8273351036394
79.61041573983498 82.2635293136814
168.04557108024628 84.23290093258906
220.17363728347706 88.16159694776596
180.97744255500493 90.20652945132208
99.4975880115672 106.85967534977016
139.0779549562652 107.15966440329635
147.27418196281624 108.06007729315394
209.2124871097673 108.01379007663519
50.462554912640876 114.90071070037138
97.51754678815787 120.09982156961797
50.001568459108846 120.87439740091928
192.77447997613217 123.70710248777739
86.37753161297627 125.10687666496204
190.47640446287497 139.16948447497077
194.06286619673088 149.57723781090243
5.536754579292852 173.41367022786662
107.20590837429697 177.10143430953883
149.80483404264527 178.03071621751357
81.52147249888974 181.98564374813304
27.366198463714152 183.06637142717221
85.7221061913236 186.92425226489894
94.01580229692762 194.19156121541835
119.27043139194758 199.04694289774125
152.95077775607535 205.67514352570686
129.88772653306611 208.33729670098953
96.87710920252228 209.55252640877347
54.868862785680314 213.85494453123218
143.4118363101705 222.91780232807992
192.751440807862 223.9834473000869
208.3234197934306 224.64283741479505
7.461383832573642 226.1995171999052
= =
= =
153.15876780463051 2.5844568025941963
98.29865784163704 3.440546232848225
77.16542575832015 14.416371515823958
157.20780737476514 31.067597711197784
75.87649364965117 54.074766392073194
0.3341853299633225 60.52396510354484
214.69107926253048 66.21138160947868
53.40509753485916 67.53857332126961
75.10274207710592 82.84336869360098
163.59967668273762 84.77513598970712
215.77454395514232 88.68812811385799
176.49533081890758 90.75460325008494
95.05264552780423 107.47391331935196
142.82859169427238 108.60268087487141
188.37917235419437 124.27404634371644
81.8415687421632 125.67545498825208
186.1115730237034 139.74035732305063
189.671015494192 150.1264963890671
1.199237187051858 173.96637526012267
22.93644573398913 183.54736677856317
81.32669806514788 187.56666043837416
89.56210128528414 194.75341923587675
114.83752090998793 199.54421432406534
148.5205692553987 206.23037341897225
92.39880562974088 210.05855367751272
50.42641837139979 214.40263325597095
138.94440862314417 223.48563347095154
188.4206875685444 224.5820743121643
203.90769409219982 225.1989123097165
= =
= =
155.65925855042138 2.633591411361148
100.77447097973348 3.435843807098844
135.3568905213579 8.962772499940526
79.64741701871736 14.40201662126076
159.72751213693675 31.099203908198305
78.43427605258911 54.09490323295619
2.358473810126712 60.57702160627808
217.18540691420696 66.26370239545656
55.95122520993526 67.57209552038574
77.62860035620211 82.88994894405235
166.1322495175793 84.82222599855872
218.2724870804356 88.76408670141824
179.05518015360556 90.80707747822647
97.53999147395777 107.52279029250444
145.37010946687766 108.65271827117341
190.88529331874372 124.2938472594504
84.41930514747212 125.75435704364838
188.6140415708498 139.80098837504883
192.18723280153608 150.16382137187253
3.608582931201827 174.0592510348645
25.455072487219898 183.63871928415415
83.79625972411235 187.6261265943802
92.06859790061691 194.8479020833859
117.38469776849627 199.59246224105695
151.07260381566272 206.25754162721327
94.95344368453553 210.10733220685572
52.95459323680376 214.45696186787396
141.41400615775578 223.51368863493934
190.90093860972559 224.58203918515812
206.4221740217133 225.18529154152424
= =
= =
131.7625497750772 0.2514146115058998
153.7252161936667 3.1980111089336707
98.8518026343216 4.108555025095546
133.39081734356677 9.578829312404588
77.73324068835086 15.09690874413539
157.769400268051 31.736551440488018
50.587609395129235 36.77971478517964
220.03785772765312 46.948893257715646
76.46575679098372 54.821544851422566
183.54914504512757 56.72649022576762
0.546557158334751 61.325448018689464
215.20499210834808 66.9188526356997
54.01447626178509 68.23305433821479
136.6186012749166 77.15766694048543
194.79408753875808 81.03526253302924
75.7011701288575 83.64998357566724
164.07681754300125 85.51899431260539
216.33369435731015 89.40953483555658
177.0176701873996 91.48609019905227
28.790348291781843 94.92219179127932
202.9479869149394 98.39010290475407
95.5697724663452 108.14117272023384
135.10051448498328 108.44204099759587
143.3063424774154 109.32888559277903
205.34886854803446 109.22258765861645
46.60647787430937 116.18277944949946
93.61954236430553 121.38993535008998
46.077654228675144 122.1397951750079
188.84818923099817 124.91182859080806
82.44324871212436 126.38620492623241
186.58279178594236 140.4101099948587
190.11559641132195 150.79572187795594
1.7516258865527004 174.58695477373573
103.25413498196369 178.3522220874168
145.86005032307182 179.25554151611993
77.63994812474593 183.18413699333684
23.455177288248837 184.23162542577688
81.81692164807782 188.12820161525536
90.08598145776729 195.4255569573953
115.33104999584711 200.24449122103508
149.00710313661492 206.88456920957816
125.93037060066763 209.62454833182665
92.95645556176062 210.68439476899266
51.0042053413393 215.01285401277596
139.36845616875996 224.06224912085
188.85552118034744 225.1556210359945
204.48993339657142 225.8617898845164
3.6598036602514954 227.29999388920368
= =
= =
157.89918249188614 2.028289155829152
103.07819607449319 2.890726910342663
137.60926018614305 8.419518374114487
81.97633888692538 13.831756208551298
161.98497309059002 30.597419152438714
54.88010909994235 35.59616349680451
122.7048062125625 41.93703259999353
224.1091243968797 45.71319733990499
80.68937079823087 53.60718423695389
187.81058285993043 55.552642556514535
4.687235476136235 60.03537578974343
219.35027577577623 65.66445685969352
58.2889572120034 66.95393011947627
2.9797153728599657 69.82112262837038
140.93363896828487 75.86452181327763
198.93516606169567 79.76519332003892
79.99088218614439 82.2923587747328
168.3896285415002 84.17500227682362
220.3688763475701 88.11377777616597
181.28380742815395 90.15998506005181
33.02980197132222 93.59921116349975
207.11505210393466 97.07563744549078
99.91437316863876 106.8553559433608
139.50375869693949 107.11158556985181
147.61392710515807 108.0156573784667
209.46501449452902 107.92649933855746
50.912993047190454 114.91318635495705
97.9303912432668 120.10213737430314
50.4060478164085 120.87557552770662
193.05453018343093 123.58818166513137
86.74643765249381 125.06638345731163
190.85324152867776 139.11476322909007
194.4424808795771 149.57250539145426
5.921897368500671 173.40418451913163
107.58988095005941 177.04463304153194
150.11419340586937 177.9882813487399
81.93662300033955 181.96188169753302
27.739788869464814 183.04779006526837
86.09883184712325 186.90589157148196
94.46223594517726 194.18038102522806
119.65996342983459 198.9380682120501
153.31530223644427 205.54616618979745
49.010761613813244 207.22492257824243
130.22348521509872 208.2851211419604
97.28197249692155 209.49252468976852
210.5324341335387 211.14273865012902
55.22050976214448 213.83264502682502
143.76561761260365 222.8031346770736
193.10168779762267 223.8541017352775
208.6481381433477 224.5024317604513
7.79276375949174 226.18131214934564
= =
= =
9.264559491936067 0.4260977658497149
133.92739828284834 1.3145802841483454
155.784769417134 5.232157017116982
100.90264998856148 6.141926024167271
79.77772783635281 17.12985895509833
159.81048174749264 33.841180482216885
78.4243895605973 56.90209645983732
2.4459002056046915 63.43946017939096
217.31647590484852 68.98196198557226
56.08425463527212 70.3536203301924
77.7638409442547 85.67782408812958
166.17854387559765 87.54041761361724
218.42060117686913 91.4443555197501
179.11095361505292 93.6071844238079
97.66879121582824 110.28409375781543
145.43066418537504 111.4732189988915
190.9017688400575 127.02681965205382
84.43788055572885 128.59060097066
188.65382910877864 142.5329021154633
192.22647407183865 152.90101189988366
3.8540194946032456 176.72280438007553
25.590611170173197 186.3809112983339
83.91786372941964 190.24540823498674
92.18128664999448 197.55819245731345
117.46538081676775 202.3182174307888
151.0987382290813 208.9465660463623
95.05412795413535 212.75748232229913
53.13148008850972 217.09309583328033
141.48519694249768 226.09690181253535
190.93029665656678 227.1513370506901
206.3875474620133 227.83005626736056
= =
= =
79.20866637353704 54.275866929372356
217.9834574231115 66.3607517328485
78.41343758819848 83.06632026849064
179.81931500995677 90.86263391998898
= =
= =
10.204460147091176 0.23431015823413895
134.66724042081043 0.6771012776291531
156.51093938803245 4.643735769709703
101.68823988190559 5.44073282156006
136.21113311017936 10.984986374182991
80.5582733120505 16.40851704716198
160.59086268418787 33.12788526605259
53.539702380711304 38.108625842944356
222.83047437656396 48.33060877591028
79.35002048419803 56.12554234279189
186.5017696907562 58.18485078313994
3.3224566998588303 62.580371888732806
218.013775859305 68.34839986933612
56.9181718950666 69.62191668728819
197.5785739033848 82.42022796080799
78.5878094584014 84.88286267815043
166.9896350788168 86.84637866660479
219.09781502284758 90.75885832403404
179.91803993565145 92.81485321637858
31.67381361323278 96.21682306872997
205.80876209651788 99.74098229303566
98.49209778894033 109.50857631442581
138.03816362577996 109.75302919292724
146.22918363843326 110.66281089035289
208.14459699517943 110.5492383227553
49.50911777900738 117.5884394171235
49.034759315054686 123.50226827829776
96.53514643100851 122.73256327256892
191.7354316391227 126.27666097022443
85.36157522016666 127.73721592253217
189.4187104019674 141.75910194385335
193.04887513378816 152.1511309179164
4.618323590204384 176.0027889457947
106.23096524725493 179.6785651589748
148.79838737139258 180.5505964108539
80.59686315102657 184.50341936463707
26.457369715532543 185.61156090262824
84.78523448849273 189.55373031879026
93.03751969989888 196.76668105904085
118.3072049110769 201.53924480392567
151.97891593775137 208.21608907551044
128.88618096176108 210.88998639179124
95.93834592101086 212.05631706297936
53.962239581059414 216.38935934947511
142.31922543662807 225.42410507263867
191.76798211709647 226.48150897262366
207.30570715348185 227.12973143640878
6.587127150775649 228.63651961245964
= =
= =
10.761685419021907 0.2541418825310645
135.37211974183555 0.7021745452215928
157.21430660792882 4.560542798756624
102.3505498144626 5.337634794133913
81.194049031821 16.318181056563386
79.91135304454173 56.05014296561814
3.869138057023532 62.59049670558937
218.65183555648176 68.21363371415349
57.41995624259205 69.51182742803528
79.1792672988075 84.83304867111536
167.57141432758002 86.80893372166594
219.73584056046494 90.65582278905174
180.4745848280724 92.76135316783336
99.09209066813233 109.45046360614546
146.81373710172326 110.6046058642619
192.35144075332354 126.24239412447311
85.88946387136248 127.66457050828107
190.05858527836722 141.70779198528786
193.59189581974204 152.10913583857086
5.166403411953152 175.91708291884092
26.960984239569257 185.63310295868993
85.33341001828212 189.47219032410695
93.56126919695272 196.69391058860606
118.8328375242526 201.5827647717771
96.38063122943079 211.9904124616389
54.41689163512232 216.304721378199
142.9013945832595 225.33194010682965
192.28504022848904 226.3858711245214
207.79743279222626 227.05003704984043
= =
= =
154.3350613171592 2.403089462402256
99.51140979919663 3.2375890307108546
133.95789102242313 8.766682780290635
78.35809947468904 14.204346882018129
158.36451604931662 30.90105073364315
51.224797572325805 35.936458772819286
77.03308142422381 53.89785912511233
184.1838814331305 55.91106674454573
1.1386144056827692 60.458517798592
215.81796552165494 66.02312579060272
54.607539596718645 67.3326374158119
76.29850670299541 82.60817084878893
164.68304659861556 84.53256754856774
216.90297607385858 88.38856639073649
177.61161813805126 90.49475405940899
29.408691675303203 93.99074094493896
96.1836226644046 107.1982247093082
143.91002552410717 108.45177187631826
205.93423754284044 108.35661021860064
47.216209483770804 115.27902409423892
94.19478541735626 120.54552517882162
46.706769075959485 121.23493866980576
189.50956220061968 124.03204221353867
82.99833270263137 125.5004061635125
187.20629713775347 139.5871851919887
190.76970028251674 149.939410912829
2.3835927194117956 173.71697226894446
103.8820096234693 177.45175282285976
78.24834412082419 182.33938826832835
24.105806025889137 183.3681914171549
82.43784253030212 187.23936981447238
90.67672384044393 194.60414802257463
115.93998934721357 199.35168252663863
149.6492166843552 206.02165857560044
93.53195361661247 209.83534384747912
51.5802513705315 214.14554768604552
140.0555573411438 223.18778893376756
189.45184911739491 224.33962529618202
205.0870344192625 225.0139172327102
4.293674886236893 226.437798232798
= =
= =
135.426456652642 0.35305010461010633
157.2362153893522 3.9646402939978023
102.42276599677275 4.7979703580314865
136.9456365190965 10.333351866600642
81.2756744948161 15.78776786809137
161.30673612687482 32.545394482153235
54.11917814669472 37.48581501368531
121.98372634851304 43.90473248102905
223.56885675148743 47.72849207177749
79.99604472121551 55.54779513697498
187.1316604817235 57.529380507633775
3.972968996578538 62.00297579180827
218.6639275330942 67.66564821055285
57.58724348815311 68.9299828587436
2.31307916534898 71.83847484176579
140.24143910187956 77.89190130542875
198.30714044209435 81.7817877655158
79.2534674110932 84.21117863133315
167.70811483648382 86.18305480773294
219.8360016437563 90.1064177980754
180.610142930467 92.16917553111966
32.3193331674144 95.53869599243623
206.44761972615595 99.0846834876259
99.19582414438558 108.84641574909774
138.7682688433898 109.0962334032689
146.93563948775417 110.02082479318115
208.86443558030143 109.94154499112828
50.15780328069588 116.9218302524338
97.22425345674138 122.06877005514391
49.69982420064516 122.85506268593736
156.69178642154924 125.81377316698389
192.47570837237075 125.65191078572064
86.01466026895895 127.04989177789658
190.1595704798447 141.09368446165666
193.7579835048723 151.58707807937105
5.247160120841853 175.3560599111593
106.89991637124996 179.04090110946078
149.37893929094406 180.0011061490739
81.256304940618 183.96354545628304
27.045840721400044 185.00689684485388
85.48324602856668 188.89984354156562
93.7389197068664 196.1193075547394
118.9691221515171 200.96298182793416
152.65632919011304 207.54599880649064
129.5603168715126 210.214428182052
96.59563238164812 211.43019663951418
209.8780581142315 213.1312179213475
54.556417558765375 215.761543468484
143.05131867661478 224.8043064267512
192.5239992463434 225.86535373743024
207.96211584036817 226.46473949812457
7.181914584658986 228.07061582616677
= =
= =
141.32397403939237 0.5061211717318915
163.14301668725065 4.559631582997376
108.32542504363201 5.218001979997685
142.87065192387186 10.85435609200419
87.18914236820252 16.147904179167746
167.22508153059843 33.047735167659994
85.93359884759067 55.904200583098365
192.97592929173652 58.09361993870743
9.738225546018459 62.25342482842287
224.52786966425774 68.2860522973425
63.52996864078831 69.29110469124755
85.17377355154666 84.694763517534
173.55170988533064 86.79632622843978
225.50136583990255 90.7688942855113
186.3683179416939 92.7804753666007
105.09320347175598 109.29464719010234
152.8271853336872 110.55368407866644
198.16646515944115 126.18683560064467
91.89215450541985 127.63088615627655
195.94323728958392 141.69376341411345
199.53448285582286 152.05343895970333
10.878790468118332 175.82327270616193
32.759274652804066 185.42773251348484
91.21620309566642 189.34272012264557
99.41518931545478 196.57569952667723
124.72462690075668 201.43239919945614
158.38564835948486 208.07775946694795
102.33215439988703 211.90135515420513
60.29128616299603 216.22903028992476
148.75165833177093 225.22395351706675
197.97284586242034 226.24921166426444
213.50884495103574 226.90248066121333
= =
= =
216.0128118516487 1.1611448513223679
196.9255629173616 10.543049868614531
148.24051362575426 21.17124765574359
212.50619480960998 35.698140940459055
42.858410480750074 39.54108332003351
126.78366510836219 43.219824619407014
29.040204570998565 49.70637561597079
155.35336245423386 52.46936126773415
177.26420338024693 56.536696639278915
122.11613501217921 57.330679512008125
156.8527009214456 63.04996987955905
16.848605668840385 66.6885309075704
100.854492425802 68.55829608340312
4.390127486526562 75.62339291794942
181.1885482761188 85.60548474944716
73.51949182065414 90.58604476398787
99.67486225539041 108.94666670628372
206.74453412469495 110.82198413501077
22.960246965874443 114.94777459935335
77.17219157308838 122.45899852996813
159.94496763440685 131.6052264676541
217.576379722978 135.02165053420475
98.9851084215761 137.9764201597729
187.2105682910098 139.73005671654886
199.96959218292403 145.55494279770008
51.874820566387825 149.1173943566312
225.57036935395652 152.27192699139042
118.90717297205255 162.5260396458378
158.28672814143616 162.764657849709
227.68747029867242 163.00122897926482
166.4578950652282 163.61822016582002
69.9138456054532 170.5677501595035
69.43031382691603 176.45907572587276
116.90003938833665 175.74260629637777
211.2997778480525 178.74059777728468
105.6909014898784 180.68209005917646
208.8904295945369 193.98333910160437
212.25510689813888 204.14990294324645
25.10268603602603 227.93631870898167
85.25921772199364 231.3464828005229
126.34922152697366 231.55870489738027
168.51195729176897 231.68447659135543
= =
= =
165.0325658035784 2.4002735895112535
110.27900558217287 3.0924859947530234
89.17210496114146 13.99313881436714
169.11561321742388 30.882526080902128
87.90791021364666 53.639602094983694
11.679069015084465 60.061372620758
226.27526290254977 66.03087130774479
65.51773859774376 67.08513797419205
87.1605493517276 82.47249410525578
175.41227991429065 84.51751949891519
227.36395263855246 88.31308022630402
188.39151535130108 90.45824196742379
107.08267829743194 107.01130414368373
154.766641815443 108.21213662809221
105.10625999673687 120.27227471263558
200.09638299434968 123.88239146480413
93.88041552621912 125.25486794071243
197.85540623675598 139.324495591513
201.3913408446371 149.69793374610242
12.85790625050894 173.53775197325098
34.74222278065698 183.1896264283601
93.20359831099674 187.06020156462574
101.40762612853072 194.3290572229061
126.71075126436253 199.11535229285104
160.3497136989423 205.74426290526642
104.3175514868037 209.57850760071267
62.28232856942698 214.0044587690227
150.7248235191588 222.92381410435064
199.94051127893346 223.92277720788755
215.43899055803513 224.53933246300946
= =
= =
12.337818016994355 0.2454683211924024
136.92749583485465 0.5065565628998233
158.81058077257384 3.8275645129345346
103.94332074698943 4.708156116959217
138.47205193911137 10.21990132011192
0.43247350261354445 14.828886379189376
82.79872897069649 15.678449762579557
162.91872526873036 32.44170351904098
55.65537876273367 37.423689307298794
123.50650522671444 43.78170530219768
225.04044274429444 47.59211618172727
81.53273068661828 55.4467032437273
188.75029624374355 57.42248757870185
5.429261437928223 61.920037171767106
220.35054119777035 67.6379935109426
59.15344114134136 68.85000887310258
89.84899289840953 71.52829200946708
3.8444349641489075 71.69724151975528
141.86296367527032 77.76542860669448
199.9603577295497 81.59941631078763
80.84977711487774 84.21426730382424
169.32533403535217 86.09277159736418
221.4545966042685 89.97152802532301
31.147270530579732 91.08292895895347
182.24385134933158 92.07087744443685
33.90860438484945 95.60859281259408
208.12002059514225 99.00716695768548
100.81865268233922 108.77812817251603
140.3909227390685 109.06808802984375
148.52570597060932 109.92877306077122
210.5402668688224 109.82380014851557
51.788511946002 116.86420828271679
174.92704826851215 116.91432746745839
98.86296223400235 122.04965400492553
51.28178700243798 122.80781540830938
194.04482612514425 125.60944867677021
87.60058356150671 127.04307438876015
191.81693595244246 141.00303967555124
41.26973213799891 144.6707952245596
195.40625272758663 151.45089790311314
6.832984442420284 175.41240465135664
205.86272372285478 176.08702533777057
108.50293946289659 179.01156600652817
66.83893185535592 179.61630307487522
151.13114165874725 179.90677086758748
82.90403915710114 183.92196290721904
28.648437505643297 185.00613319032004
87.06448269169631 188.83515741791672
95.37713885305077 196.1008844878019
120.60687731899522 200.88589496816664
154.34571661541267 207.5420455050428
49.98201524075079 209.19463998341055
131.22821712631006 210.1828290363618
98.22733654196716 211.3879283745838
211.47392267285312 212.96365982082688
56.20929480757258 215.77278044162748
63.03053993364859 217.95076551912254
144.73423424750646 224.67676525605594
194.08412209121994 225.67040054607915
209.55841448985183 226.38318268304218
8.749422875985113 228.13207689105488
= =
= =
15.86031273266603 0.34712016889381914
140.73183544331206 1.2592184859373563
162.5580251629347 5.210480926216748
107.71031557953054 6.061942905580673
142.25069093591745 11.618258132083886
3.5808784506226883 16.054590468749325
86.54210319490183 17.04259974326193
166.64357124866999 33.80262372168143
59.486134860335405 38.79195434336223
127.37420931516058 45.208726924368825
228.7788412606634 48.99259138895485
85.37104703930423 56.834926968429706
192.4759317484364 58.864559788343335
9.173486179174981 63.30099131132367
195.9464561765591 65.92115891976898
57.85100470753956 67.93621275567438
223.96929822792924 68.96313427398547
62.919802217829414 70.26573446726715
7.469177932160278 73.11668582140837
93.603419838287 72.92914781659351
145.60055339776804 79.21964936049902
203.58605214133732 83.0691588187242
84.5987070741842 85.6254020900768
173.068675363102 87.63581634660126
224.97115742620718 88.88663433142665
225.07904786089458 91.46032127081816
34.88406842398763 92.6055040187354
185.978164142838 93.5629548662004
37.61249468682568 96.99759169469245
211.81885024446876 100.43189193964149
104.5760706310887 110.23802549131246
144.14323232592588 110.54266929891563
152.35300629459266 111.43716979349193
214.1573091857223 111.27279982775428
55.5056743217518 118.33939775661595
102.59875107056378 123.57510103052417
55.03843821373131 124.27966237456714
162.05367045725987 127.15222134913917
197.73032181965698 126.97293176814411
91.44985519457543 128.57265962436284
90.53775382482314 132.83762879064554
100.1860214094984 133.9326484322199
195.4525174138743 142.48728224253753
45.02258428459735 146.18226530813172
199.05208374616123 152.84721551467894
69.02701088564768 157.09839486901495
10.502835708501133 176.86369129475645
112.31435644123631 180.52546667233648
154.8641448435801 181.34302676745477
70.612458622486 181.24777490907675
86.63188175567834 185.3956147602873
32.44291972434483 186.5104407263366
90.81277175464635 190.31994349703848
99.09236023926749 197.5075030586789
96.77584366842541 199.40584422927077
124.38430813794841 202.33432607123393
158.018035214568 208.91353410184954
53.715786216514694 210.5998441210484
134.94212867065968 211.5807532817528
101.95747287183526 212.83629030743919
215.06139850922608 214.2786861694214
59.96387938678893 217.2296964269204
148.47659024245038 226.0625035790616
197.67973681400156 227.02118855874087
213.18095481576486 227.62464070467104
12.527432958933261 229.67792637344687
= =
= =
138.86395065779703 0.48284177544183426
160.8263059786583 3.4920498127026853
105.94344145600803 4.317948806546621
84.79689665232007 15.27286147362559
164.84054439143551 32.06691953846738
83.44828681595834 55.031787413640714
7.349174102136244 61.478715848801606
222.15021438080962 67.24845160275196
61.03410143829026 68.47637487752138
82.70953458872616 83.85465631245577
171.14514928878984 85.75386298842719
223.20227464442954 89.59505121850485
184.05529480151523 91.71442542833755
35.738843145711705 95.11643837830654
102.6335261526565 108.41697204301454
150.38603399870433 109.55162480927757
53.58550899706171 116.48961736933455
53.08791014229537 122.39578469974339
100.64142535958048 121.63790685738384
195.8210691748529 125.18828353350182
89.46855339401039 126.63517246004463
193.5274518818737 140.64698887550642
197.0932649600449 151.06093130725458
8.484951031021337 174.90684377507756
110.2487196044122 178.5717222777365
152.81872875734047 179.56757132294263
84.56951830537571 183.52878372822337
30.389362118373985 184.44361407853128
88.75279975568333 188.433423413002
97.02722263480626 195.66317763039393
94.78308723108863 197.53944892323605
122.2866190552591 200.53261283358927
155.95887796788645 207.11973432394498
132.87209235989624 209.7946625226475
99.89468445495068 210.9602170800614
57.86411614553941 215.30753223460653
146.353402312437 224.26667225550688
195.66779044956203 225.4159384822315
211.2345387528082 226.03112069869607
10.48434916047249 227.52682405578443
= =
= =
161.13605488807926 1.1285953892173113
106.29470525757309 1.8750386603732483
140.85466185524967 7.441046396747187
2.339174915216021 11.813611664608521
85.16535254623335 12.823317912581235
165.14517772328185 29.573615931115715
57.982255792775014 34.58454721799743
125.83543458341822 40.94268577513682
83.85980143062976 52.61523683612332
190.91170078304944 54.60610878130421
7.747437661260212 59.00918624124177
222.4570286223062 64.72834493921869
61.453683624220844 65.95524522225303
6.0738462306680985 68.80029621062138
144.07115054626527 74.93462503119677
202.08616217377306 78.81176517467236
83.06818337086533 81.34868763309004
171.4475274877187 83.25600715718285
223.56981072729684 87.15733039801047
33.39161408101267 88.15939173457544
184.4700888770649 89.24859047146049
36.12325114156421 92.59330884498472
210.33001035129115 96.22619934653704
103.00938061461974 105.87707829814215
142.50816011992617 106.15772367180828
150.72893596089085 107.06786564520418
212.6278458147413 107.00569051609776
53.978960016395575 113.92872341993557
177.05450509379455 114.04788845665486
101.01534242655029 119.13202950097018
53.52951384815155 119.87548299402559
160.47967865261734 122.83235172622754
196.19497470490634 122.70700098347069
89.79314883911934 124.11825899820226
88.9258753961273 128.50341562122736
98.56628599440825 129.5452458064567
193.94525818197505 138.1845832380999
43.45550649527528 141.73961735965798
197.4189439686583 148.57565554717831
67.43346051782132 152.6550728748188
147.00182017496192 166.80133157864313
8.90431465220291 172.49148682464403
110.60624565395781 176.11102418204808
68.94504929594122 176.66865858745044
153.22302646968595 177.03700594028197
84.98096845779884 180.99160237925054
30.73335229716162 182.05568318797856
89.1455740416838 185.92625501252877
97.46241663180729 193.20739179514862
94.86953010521358 195.46424779801572
122.68174959365734 198.01307075660068
156.41943298311335 204.6474738323544
52.02029107414069 206.25369309650128
133.27641931542016 207.34369084810967
100.28536129744248 208.58354469255153
58.25493804590787 212.8527695320819
65.05501568012798 215.03176749447917
146.76409270454698 221.87151003984516
196.15085982372398 222.94148520126095
211.69418374240664 223.64294803292498
10.735907345654052 225.2275172481906
= =
= =
160.8315937065728 2.116347195084336
106.0011524771006 2.9306675068124273
2.0022304802781177 12.874376039846341
84.87149697325668 13.860646849716591
164.88949093470794 30.613482719859334
57.71694553220143 35.51846381229411
83.55070778871274 53.52577702920829
190.63792746156875 55.642063375069974
7.5211735206901595 60.011034427075415
222.22299947043413 65.80808565337607
61.128721169426676 66.99980786234983
5.8112616258691245 69.81540829578216
143.79204951296205 75.96465549861576
201.7891617516445 79.86413899471982
82.80427732631198 82.39415927998961
171.24031321250493 84.31155453217015
223.31333879807733 88.17276673473832
184.155955234152 90.27252022602424
35.85511663333187 93.59580282008395
102.74303097076904 106.8997058683742
142.31010739451605 107.22331653862707
150.52963107904202 108.11277398663961
212.3758640700767 108.06703977981948
53.705608428519 114.95109097100665
100.74983743932823 120.16455321502748
53.19622945470501 120.88905305896645
195.92448147136938 123.73665842629046
89.49076932925344 125.13548964697958
88.6662858572882 129.43580895814335
193.65956097086112 139.20536602112463
43.143457925754234 142.7503409949003
197.21507303298858 149.56317970067934
67.14859693917809 153.64522845454525
8.620747783486086 173.47371514082752
68.80490921404805 177.63219024766735
110.3835584903508 177.12719775632775
152.95190132363894 178.0591164659584
84.69693085036614 182.0119792736049
30.528733224634692 183.0518261716411
88.86539617733324 186.93233121396094
97.13991977499342 194.2210130132549
93.66265105316323 196.41106413757842
122.44039512017233 199.02219144098964
156.09211132425176 205.64413036273814
51.74630774468905 207.26545216510735
132.98727975052586 208.3446539061863
99.98578943807202 209.53819692580726
57.96893694468771 213.8435040494043
146.42331510794395 222.87206048027733
195.86936007057398 223.93624305296072
211.34743163871045 224.66822931898855
10.541476461894163 226.16638540787503
= =
= =
160.6784972487481 1.791384514735793
105.80477599404983 2.6140549417676637
84.66086839513932 13.568840581564125
164.75103125910329 30.389273849510616
57.50379210050276 35.32400890048504
83.41302092935817 53.35467686972333
7.309277763231075 59.787876753819
222.16269969846422 65.62302439312876
60.923716966520814 66.7618636966676
82.5477554080095 82.13399126471845
171.04888097353975 84.05658863306215
223.1789057836774 87.96311739761728
183.9800389452394 90.0180422874889
35.6063627699886 93.45604343141413
102.46232037089433 106.64351102100758
142.07774715684207 106.9673349767798
150.259221259478 107.8867348271566
212.22458340477883 107.83726957187606
53.55097421519028 114.7211392964063
100.48124310930741 119.92860109056886
52.97904964505348 120.64796548286621
195.77485711609418 123.57271235216477
89.32523855835987 124.91802769945194
193.44785831522015 138.97936094159806
197.06038099440278 149.41922820501304
8.529895862658979 173.20582485138524
110.1429647436167 176.91065886890547
152.74652634974294 177.82741064260588
84.5748282682836 181.77158230359566
30.282204972358187 182.8167079591243
88.6374972498862 186.69255842092568
96.93679611867422 193.99014849138106
122.20353778648429 198.80146751298378
155.9130553011666 205.5107133042414
132.79482869743623 208.13745988268653
99.80235251856732 209.28921332272654
57.77801966079218 213.58418978216577
146.32943464114243 222.60873016620306
195.71831217775295 223.750965300595
211.24925807911293 224.48058271828603
10.355006494845794 225.94979286185284
= =
= =
111.64371061999917 0.7425257719175029
15.044000172838182 7.566363963901537
140.19037952960275 9.46530710530809
162.0751030304414 13.452951062098501
107.07628962758868 14.270680134723396
85.9119477147015 25.283293595202526
166.08848387958625 42.14809878583085
58.70315744450301 47.066591021793975
84.60668649808387 65.16588519496726
191.87559019860038 67.22293619666706
8.46889831868842 71.54278587691368
223.4528112628689 77.27488926711784
62.14589080334673 78.62442531005738
83.90322171052016 94.0526032179358
172.39378217619625 96.00078265462635
224.4101582324803 99.69450533269097
185.29504773253268 101.94431286076569
36.90747331071482 105.32412548111613
103.80838466880846 118.6260337137733
151.50497697254147 119.78477913500419
54.78718501446641 126.66571718826405
101.84137518383348 131.91660570594752
54.26330289380779 132.5972582708371
197.0161930529359 135.4488781225591
90.58082203538133 136.88024948022004
194.72717221622779 150.84032826937175
198.304075713053 161.2733534362931
9.86156173376795 184.99277398604235
111.50433061825404 188.78772234471336
153.9888729006988 189.66116459723912
85.84580133655498 193.60074675250686
31.659370762070875 194.56952129688673
89.9851627864486 198.492643602296
98.25879281441019 205.80067392563288
123.53364212775631 210.54065462682837
157.12141659140147 217.16055653333393
134.05753961593828 219.82092541810147
101.10987709017674 220.9830232747222
59.1828761224475 225.30560931632004
= =
= =
4.968672578854454 0.6965007430342371
129.48541610583766 1.5426800517443802
96.43221683577757 6.374317083449672
151.39502952741702 5.460507789787505
75.4197323904225 17.46398148018789
74.09929809764418 57.21559769191281
213.01025271482646 69.27441184135672
51.65614159886774 70.62728580666429
73.31716974542276 86.03558063703738
161.80094026893627 87.89329515275668
214.04530388555258 91.70372701179636
174.7500522904143 93.83431588590689
93.23667613759848 110.53160707321338
140.97714459574027 111.73746589369871
44.29464264015405 118.59486033030905
91.31464651369812 123.840439857474
186.5495392882087 127.35394242847991
80.0379387068429 128.800247646753
184.32453809870083 142.88673161025486
187.89085507416632 153.28481482402077
0.3257345249695633 176.95627541017578
100.91821335146894 180.7742558821751
75.33303603166897 185.64325236992968
21.21119950816244 186.63417811845798
79.3854194244081 190.5105928933997
87.72327173340456 197.8351231233368
112.98531246565769 202.65665073516618
146.73954619915557 209.3745313349795
123.57639421977497 212.01104174490055
90.60817109258946 213.15161885037386
48.67044665878737 217.4923612769263
137.14186267092495 226.42834458282437
186.59677144574755 227.6424431824774
202.23930534867634 228.41329950968938
1.6198497340691778 229.58032557941576
= =
= =
106.54619592087313 1.6616755723869296
161.4244988507482 0.9154087595500329
141.0979397865532 7.138556057411314
2.61643064070267 11.58738490869364
85.46064434291294 12.48522399082395
165.40772433347854 29.275068333149928
58.26342749270696 34.22399442243722
126.09532371418018 40.625292973222415
84.12356279596564 52.22905228662421
191.30922164154074 54.34371734340446
8.031069738022076 58.68040418264839
56.59596520714357 63.29895123061357
222.88101207023095 64.47521521806357
61.68149581076216 65.6151813025547
6.376471037346465 68.57490110204971
92.41238526025433 68.32797267969471
144.37103474837912 74.58397006001958
202.3923821114221 78.5784811212693
83.35025237806703 81.04084681989268
171.83304692818896 82.95756454450428
223.9282872285455 86.8887834761254
33.64820944401311 87.88595694905793
184.75213327756666 88.92789173749955
36.4354502385502 92.34529255381051
210.63281307578538 95.86460203401685
103.30493775829176 105.53356392464092
142.86017241814233 105.86548366693468
151.0416267774118 106.77782876153685
212.99409522201626 106.696397647209
16.679917562382876 109.8399977367261
54.265922370813385 113.6232307054378
101.33622343064194 118.85192719674727
53.76580180112298 119.57023650684415
160.78276683054426 122.61288007946837
196.53649477933698 122.43897524578068
90.09482676356097 123.82271468644541
89.26943176674753 128.27273742348532
98.87567844563829 129.29791603774538
194.32003902894826 137.90484738899477
43.71319750863279 141.5309040819693
19.959692968253382 144.66314124090098
197.8573761370026 148.32592147332667
67.70271132355823 152.4339485966176
63.143493109346544 170.14477632384214
119.00016166240538 171.5517420693507
9.19332754653235 172.1940016443197
69.41109926767749 176.26416540359205
110.96380906736252 175.8552308962397
69.22536276749155 176.61083318136707
153.53728836789162 176.73935520685743
85.29821917184773 180.7265156996066
31.037113054265784 181.7831769094109
89.51935094663202 185.63257380054355
97.75488889338962 192.95569553699866
123.0319974740225 197.73957354895887
156.75347845525636 204.46483336464948
52.34180197725317 206.0065288872642
133.60703961956872 207.10616610884836
100.59773051498783 208.28165264927125
214.0318675757887 209.98185964756473
84.8868548466141 212.14719449127293
58.53066306111023 212.59740486493396
65.40827834548773 214.78622096359106
147.15039571879433 221.5670149128703
196.55076567166208 222.71668604273765
212.09357253330742 223.42145113837586
11.056272412550697 225.00108057893064
= =
= =
136.02447445403567 0.29236600383604494
158.01772285480206 2.7767120330704125
103.14092785441217 3.6056646369318845
137.68559836154068 9.156877032989389
0.28548944546946764 13.945306390176203
82.00341824416284 14.557362027428493
79.95811688518971 27.074390847758178
162.07689828077358 31.395848755917218
54.829964679369986 36.34734061320812
122.66402869881968 42.751366309735864
80.69245393565632 54.38821950966689
187.88742121097349 56.41175657586692
4.586328542022838 60.84301359961117
53.19392451848116 65.49393820595773
219.44846961924185 66.5582392984444
58.252041772782576 67.81860298832794
88.94279608337999 70.47758325008249
2.9744213452449366 70.61357086758912
140.88875458850936 76.74732766160457
198.98535489355476 80.6013586809477
79.89257920767142 83.19367723335013
168.37897204746713 85.07813649572219
220.4932516038193 88.99031547695556
30.237575041937127 90.02870106059633
181.2967213157906 91.05310122275708
32.977430330543825 94.52173091998809
138.15230054772746 96.33732471240042
207.20749675219824 97.9912731886673
147.79680981657143 105.16807631380668
22.06460629940122 106.54092220834595
99.83132450373218 107.70701441585972
139.39357966837522 108.0291661432765
147.49759723498485 108.91975316989931
209.50152885433326 108.84464706632602
13.298796135590013 111.97715350792495
98.41029058612817 110.68257265475253
50.817845046812295 115.79809660766134
173.9074388035798 115.90033618215752
97.84217439757343 121.00413904389504
50.301131192550066 121.72606805385414
157.28007056319493 124.65332754692643
193.07185282062798 124.4861825235371
86.59408555936115 125.96924093748788
85.74621520869053 130.32571140603068
95.38293663312862 131.42319753069071
190.82333818540502 140.04479961409618
76.79008953937831 141.8309670647853
40.25272816874495 143.54666163141005
16.471151746360917 146.78256660394575
194.38367461249672 150.48845128569823
64.23493897444013 154.59729580622465
204.07546388571836 154.22647945440426
143.7895292283575 168.627777731548
59.660859696769 172.23236462693728
0.8496126242483792 174.04201879780658
5.826416299069683 174.24540325936965
115.50637067739754 173.59740181378166
204.83012347104997 175.1996593713235
107.47623264170991 177.97095988748407
66.054811368055 178.81743005349784
150.0483589291179 178.8994717236461
81.80657899031623 182.83585018811414
27.58160910793089 183.86551409379294
85.96593688740752 187.76564282851638
218.03975927095223 188.77591768159726
94.23698298669923 195.04386836501186
119.40814068602474 199.8484184871258
153.20376051720808 206.58794593187616
48.88642711795886 208.04018265032116
130.0800047847561 209.18147412065915
97.09027940222353 210.32118801379127
210.42090805439855 212.1523311889307
81.38812307693796 214.1904579441821
55.097264360696066 214.61866799234474
61.90634585915249 216.83297568419712
143.5797519578624 223.69408644372365
193.0296751119027 224.78020429962558
208.5562190163033 225.41515222862935
7.69536177734864 226.929096405567
= =
= =
140.593786856463 0.3538221479183497
162.6330365039749 3.4173314469930753
107.78492341455237 4.237565723098942
142.33266650086514 9.801764488667887
3.710609184553504 14.093081446961323
86.64614920185288 15.16959324045433
84.57542811495708 27.57653417944941
166.63432607319115 31.99105536976052
59.55925511210159 36.88993092003188
127.39982714362517 43.302877198927426
228.81455486507542 47.282594394818155
85.35729726998878 54.92780283306068
192.40477942524006 56.99971678021112
9.178958781191687 61.294398311825546
195.9438169845988 64.14599742206595
179.0008483350646 64.94290825382299
57.842219173570186 65.97042513568378
223.98637824045863 67.21099613603977
62.882333652815234 68.31089714834809
7.5767806082914175 71.13533914736188
93.55205860123117 70.99830197980602
145.48021480181052 77.34598773303242
67.5662853997948 79.18767410766723
203.57442168470934 81.28165137226546
84.50888205005728 83.80048039157862
34.22453454313702 86.01929331573731
172.96671345302133 85.68902092477803
224.94517823760054 86.71116433853207
225.03947032503117 89.65412350915602
34.82183513613718 90.50055042986091
185.86502504621694 91.64542906753356
37.535552843983524 94.99613969081244
142.7616310717354 96.96065619418629
211.74494784770062 98.56691265734194
152.5135004548922 105.64729817288719
52.5771324396365 105.94090126842624
26.625979604496862 107.05702395726479
104.52072093164851 108.34038115891127
143.98629352727332 108.60691903634041
214.13061815898794 109.5009041889015
152.1906966007117 109.55450956971475
17.831575090511055 112.56668940647667
55.51830936181306 116.31768365159651
178.45836568164987 116.57250470672307
54.93184231912842 122.26650121194268
102.58269692778543 121.56944033005598
161.9456426076559 125.25387085040732
197.63573169084663 125.12021231642224
91.26222847369354 126.54102542046604
90.46043559976636 130.96298699305234
100.05333311497198 131.9912929917639
156.80793022922327 141.23082899547904
195.4413258643072 140.61403816696284
81.49893599718978 142.47483260374025
44.86855096149354 144.14962305303138
96.35999254849555 144.1586721516417
21.0744287054796 147.33087711905327
198.936160898099 150.97824392527843
68.87729731786733 155.06324463645632
208.62906211349485 154.78284060195168
171.34404796023918 167.98709920452364
148.4795520812181 169.1551095769695
183.82997439954335 172.12881970589893
64.28807156334857 172.78965846085862
120.09420606828053 174.14485422704206
5.172924307127605 174.56076023823132
10.295915036261828 174.76936138861686
209.36867420210697 175.74692408753404
70.5755921055939 178.63580093878699
112.02527843380358 178.45880512288662
154.60859852390342 179.3861627326452
70.27136945303619 179.44526039545562
86.47107638812268 183.35085273629232
32.13863732073662 184.46312303151555
142.855962836194 184.72176540906227
90.51518716074288 188.28370243544478
45.54391237603312 189.00424581303906
222.46535256863677 189.3077379968161
98.83413526187172 195.57866880550873
95.64647408976613 197.62708578489583
124.11090083988186 200.34572850270058
186.00118203251125 203.7494713930245
157.80306593837074 207.00991981922712
53.4778365286626 208.50700206759552
134.68811907956396 209.68111719599707
101.70189265020765 210.8663470748538
214.992879650032 212.60945050415253
59.60634564749867 215.16540738471485
85.9509399378175 214.71560050298737
66.51560185751295 217.32453888771792
148.22322849887678 224.16793090803307
197.5437311755971 225.29855548606253
213.06464777265234 225.99553594615378
12.145969055273298 227.48826539886366
= =
= =
106.64457281829974 3.536271313201795
161.49978669270797 2.7827063668284326
141.14560294055153 9.106191737403146
85.40041089112623 14.45461364350326
165.52829515624393 31.26988574889437
58.299848007921085 36.132515914372696
84.21016895379904 54.179194825533976
191.3707646994706 56.32056404169517
8.013177991731611 60.51067868230453
222.85771759287653 66.48268108911753
61.72952886035252 67.53490880038926
83.37923605968835 83.033293425692
171.86141036929857 84.95431918647495
223.8873408138465 88.88246709277001
184.76223466208552 90.93779374802784
36.45502443144506 94.2467262515195
103.3298306530478 107.4926320225786
142.8662126240122 107.87270721625347
151.06751350965297 108.79209730164382
212.92288309752664 108.68723192738345
54.26159705493454 115.56096673152643
53.77770139438189 121.57166225736923
101.33204448870725 120.79978712275602
196.47211523495417 124.40375762584769
90.11441476558537 125.81208842245145
194.24430400348723 139.9219545816355
197.81459120997675 150.277777037333
9.17155767419791 174.09468378925075
110.9732869412695 177.7633545075498
153.53144152877033 178.61832309322293
85.24744179661238 182.69118632982685
31.033391776905436 183.66741045567272
89.42342510996795 187.60879785936572
97.69181026849273 194.85767613333056
94.84240140420722 196.733313774316
122.9855074106963 199.62415301705548
156.6512245594722 206.28004113102168
133.44865062746794 208.96941176919668
100.5041043372073 210.1345407768238
58.452668455380575 214.49391357939402
147.0303980355169 223.38469345236777
196.42348637073405 224.50940806683224
211.85675551388158 225.27138842544906
10.990647800073619 226.83844125291446
= =
= =
138.39426254718165 0.2075304083264806
160.7788783668734 2.4018669643635633
105.86831750841942 3.2585590362101873
140.44904141671014 8.795586507585625
1.898703578657429 13.344568143482675
84.70571379073466 14.201434917548642
164.78601865511794 30.96019543469257
57.451848522932245 35.92782807057257
125.46163805119579 42.462428678378565
226.96424959176832 46.23786887122108
83.45963903563685 53.96670910000498
190.58109132497222 55.98770172741451
7.37356862535575 60.47327898258801
194.09709418930996 63.173752463026375
55.96911090372577 65.02830524900173
222.17863801970927 66.17746350869025
61.023540494207765 67.40776989423598
5.6868589808293555 70.20622515503325
91.68203357113647 70.0600517711417
143.66608146727978 76.375807348369
201.83802507900938 80.26546717808864
82.6038320738554 82.75497730315726
171.09196843296473 84.67473173094521
223.11763531237298 85.90600214641648
223.22636856297643 88.53918534268296
32.963950956464984 89.57887859857182
184.01215375954297 90.61718191830911
35.68803165904783 94.06174751596008
141.00535849165743 95.96555129325594
209.89861131980192 97.57580515191334
24.794701018600737 106.20474634626804
102.56254995315278 107.31741897554234
142.1265410143043 107.5730443353247
212.32938725971522 108.50422873338567
150.3174774433825 108.46173576685405
16.01028171024813 111.46498180999083
53.47796895972129 115.35035971405563
176.67640296472277 115.51188477416541
100.55766870432451 120.6143258201602
53.08576638993057 121.32266088185091
160.05504564591357 124.27666159624857
195.83442067940206 124.15192943572737
89.40037056307932 125.4824164576026
88.53173027784594 129.96809262427675
98.19634875594755 130.99090312987715
193.60600937350233 139.6154906496563
43.02103602872891 143.18165791677345
197.0943398239849 150.01772193294312
67.03655912303198 154.1203003811146
206.79337679436915 153.81492284679368
146.599364060858 168.18708045343337
62.45792416528139 171.85214404451796
118.28292339078334 173.2021558691656
8.55800536284392 173.88738784596208
207.60311701473927 174.80300576870488
68.77129882548381 177.89122649055983
110.25284558245198 177.48238930448363
152.86027915548155 178.47996934941094
68.50624695501276 178.4091156764362
84.52891671081129 182.40596296095154
30.377706402636317 183.51997171013727
88.72882356534096 187.36890980487337
97.05143310735092 194.58055425737453
94.33523283332026 196.55536663703737
122.32455610358423 199.47083377791077
156.01637519428533 206.08619312090966
51.63002538766836 207.5995894740636
132.87974192116866 208.70490054497458
99.89104250080602 209.88967119395164
213.22671484935194 211.57899032086016
57.88479036329363 214.3022271199257
84.18595434757415 213.83765329392776
64.67705083609408 216.45465017629965
146.37258430019503 223.27727889497837
195.7784218273428 224.37640565751522
211.31431407464635 225.06271395362828
10.4119972285424 226.70227170848642
= =
= =
9.918269044851122 0.22345384855835865
134.5738928830261 0.6110155469228142
156.45843210254702 4.15861995907037
101.56809516727543 5.036144980701942
136.1120558524799 10.519029884102578
80.46378578162347 16.10886407126562
160.45926390505792 32.69832644032456
53.261609874111684 37.759193450752804
121.09510204987151 44.1782020430673
222.8512496272892 47.9239391799516
79.09804970039231 55.793208477992614
186.40166243931046 57.794726001929774
3.1061084121325337 62.33832458220728
51.54076724427334 66.8990762126822
217.96790079994824 67.92136978262347
56.58964480964225 69.24278792507243
1.5610047715958766 72.14701025662296
87.34147994920097 71.89712265251028
139.29092073056302 78.21490128214549
197.4463943134902 82.0976843534464
78.28672919213417 84.57184021351853
166.82703608202422 86.56499959755271
219.03930857778744 90.44597594435066
28.649390018902885 91.56489020458656
179.78049047855944 92.52606152002443
31.4283142319499 95.92948634511554
205.72013251569146 99.45843325108736
98.24406478832235 109.16301200755127
137.7831495333144 109.49221274313454
145.99837917128247 110.36442795138396
208.0553687290931 110.28640261121355
11.784819646589574 113.43444677906099
49.232316258055405 117.23742748240448
96.23530062325612 122.44138191498466
48.685605066596274 123.16435737744622
155.6946455974334 126.12836048666142
191.4667446715579 125.97703057493304
85.02337433119251 127.41436864422384
84.17678391072546 131.87294539788354
93.80844734717853 132.85300171917913
189.26556169075465 141.52241016146652
38.665952795808586 145.00845299176612
14.989108366955525 148.1913051955023
192.8320695372917 151.88993001111183
62.627976854490036 155.90801367427423
142.22963455249987 170.13725214759017
113.88097319569451 175.0405770705483
4.319458083356518 175.5689986795567
105.85272462194601 179.43668360919486
64.21933923402783 179.99110241057556
148.49486731598543 180.33986649045826
80.21582831518376 184.2614690129881
26.094865256448955 185.26124371202982
84.39099439857914 189.2044584516154
92.61851884409478 196.5057296597692
89.7576357081278 198.07524514528592
117.95441101931249 201.26987762821676
151.6486453873289 207.98003215537275
47.36902449465839 209.419335152523
128.4371611121545 210.52344019738658
95.468127010119 211.712194159599
209.0184069318304 213.48868643035857
53.483981456980814 216.074120659506
60.364445675188726 218.23274612421935
142.0398976975676 225.12990750862315
191.48701364213136 226.28792324248082
207.08612778193407 226.96295680567044
6.2400484739590665 228.31802538035487
= =
= =
155.12543695799556 2.2071440781080933
100.24887752281055 3.126866044703096
134.7613840801375 8.562352881093602
79.1021746283135 14.074082454670462
159.11084059062128 30.72954159369956
51.95087528858343 35.765854049885476
119.75379060216632 42.17348801528694
221.4445554209154 46.005881586136546
77.74226296594497 53.73064293443332
184.95391197747298 55.773023028576674
1.7591401899604548 60.25988797504218
50.292179438796424 64.8489298466164
216.58961190072606 65.87299312607414
55.36158215646964 67.17798921783402
0.37773768847948996 70.05195183580511
86.04082848837072 69.8011650816574
137.99221141644844 76.11198528753965
196.11248215498992 80.05658200336008
76.94268531921209 82.47699384568573
165.5414823634316 84.50015605731846
26.734039733623938 84.85229908668607
217.4995734995071 85.59429534549847
217.68377311463522 88.39803938862335
27.37885559343005 89.45469741738125
178.44093559608638 90.46851957403548
30.06293543378319 93.84917179343662
135.2834664639999 95.75120794512144
204.34442322722646 97.40958369512205
144.91144985688223 104.37987037526642
19.16749057673566 105.96863591913366
96.904991754146 107.07904078844234
136.50199029548045 107.41778364889515
144.60517047655887 108.27215635098783
206.65262849953945 108.22290650651124
10.41014689782669 111.3720205498214
95.47939486166426 110.453714864827
47.88585340296204 115.14999595910665
171.03939881625675 115.28725287406162
230.58837600561117 117.45186537337813
94.88446308442451 120.33968427785084
47.38403971549675 121.1002149280475
154.3951250523138 124.06101540569395
190.17578895036448 123.91834736612924
83.65719222228024 125.30298975897517
82.87133403004357 129.7597228273161
92.53179844513507 130.73211077872315
187.96204308532057 139.4737466728252
73.83834737563556 141.20596279838963
37.34196779747783 142.94819883731498
88.9269374070268 142.9855136591871
13.575468935751505 146.1288848621047
191.41482282006012 149.81531180593484
61.32403626783755 153.8984033535997
201.23289626330143 153.6002470637907
140.90908539185344 168.04899124381353
56.73713795149821 171.52584654657406
112.48869282718621 172.99696510034406
2.952115673103807 173.589248558154
201.96741532143864 174.56214915052468
104.48536379281195 177.35298359048753
62.892435360936496 177.93035718614323
147.11724437715475 178.31363857775656
78.88993648481001 182.21683652782684
24.698401918310278 183.19579353583933
83.06292757074374 187.1664689257857
38.00152097056475 187.85638811222353
215.17338008874702 188.26904096916866
91.34168686827836 194.51884256186605
88.22080203710723 195.93625991275246
116.55933744104395 199.24772868290722
150.3909549219761 205.93505084633736
45.99540008492084 207.52034348138474
127.21345275891574 208.57071766568038
94.23991318524385 209.74150464729178
207.7033759915214 211.54012265922492
52.19377565547684 214.03566356948872
58.99041834540701 216.22457527980413
140.6992718231745 223.12976363291307
190.18722181183273 224.29309485656074
205.75438943449822 224.94371718993523
4.812315097176987 226.33950006488374
= =
= =
141.17812530166245 0.4406549257773269
163.24930204701167 3.4051486997858698
108.35919607619583 4.2324236829678075
142.8636621618404 9.712454726621846
87.17912673260831 15.171039339745194
167.26162027577945 31.975542170108632
60.00927177950159 36.886069921434895
85.90899823334341 54.922642189234054
193.04616337507306 56.984551500355394
9.738997674952744 61.40758429210501
224.60262361100223 67.05057962473573
63.514368359583656 68.38276002967518
8.063867379584217 71.18988684246811
146.14370551297725 77.29584882490407
204.21113493336782 81.19210478114695
85.10647061226881 83.76301443621718
173.56269133706596 85.56478735949855
225.63314592464803 89.44258949338663
186.50954714172187 91.66109279248693
38.15562652432129 95.0309922812535
105.08184132369396 108.2833355866218
144.66299131055018 108.60235450603747
152.85654289363478 109.50046678774453
214.744252046969 109.36868990386486
56.041970126689066 116.35563793746073
55.48695223738893 122.29070677606475
103.090492660989 121.47542892562231
198.31395224040915 125.06632364603054
91.90728506791405 126.58784524245019
91.04355625081632 130.98355384883828
100.70208328401738 131.99762769775245
196.032495024089 140.46787217089036
45.41737503345226 144.17510789833045
199.57388099173747 150.92985107582496
69.44128535994709 155.0528091128019
10.99082607050035 174.8561864802248
112.75574492501984 178.56388130520696
155.34582923124438 179.41178624233595
70.96799667201857 179.20538418890797
87.07693599163917 183.38408036337032
32.83973754754727 184.51757251254614
91.25189229308211 188.32848688798902
99.49239855955915 195.55509799025302
96.41170093538555 197.42402125562
124.8196234471209 200.4031872560551
158.44615110771542 207.00470106438962
54.12143620280013 208.6378406274532
135.42463749955104 209.69175464010286
102.46157270106 210.8807651144381
60.36112127077803 215.27304363436636
148.892022266629 224.2102857453174
198.22450065571653 225.23941285244246
213.78413012484828 225.95982636243366
12.856544499037598 227.59065902623536
= =
= =
82.25395928196689 2.7132050653853126
59.69132673522965 53.53034443214791
199.0762217780271 65.33456678884514
58.82659834934686 82.28352679952624
160.39924175307266 90.02526094105134
78.67028255934812 106.76412618681903
221.4162155249462 127.52454065564673
169.99848202917633 139.1411943634969
7.0774717338086806 182.6119047857092
64.97787531226088 186.6986075316777
73.23051178423547 194.00305426096224
76.15045128885762 209.2819674330128
= =
= =
132.44487348987286 0.40940248439549803
154.37424745425642 3.377296626409712
99.46002096143238 4.299456510302329
134.0593061481859 9.825184204056546
78.38179954723601 15.321950365045934
158.51084170554364 32.00274015136324
51.19461247885635 37.02242059199809
119.03038678777767 43.406232267733806
77.02475227197075 55.0045633400946
184.2972170792697 57.021197165439915
1.1127061059246777 61.47475927038633
49.49229312530001 66.11446949836365
215.98207870366028 67.11210015307941
54.58041108876234 68.48531102830496
0.22529162586820012 71.30191463408192
85.2702964419816 71.0651202548029
137.2640923113901 77.36575923024803
195.3702697605592 81.23085024664142
76.21024809572543 83.84413987852527
164.7567422812474 85.67373409625264
217.01710574962712 89.57554008449002
26.59105358249276 90.65309172936047
177.69321433932052 91.63150312909258
29.39261228919088 95.10431478602197
203.64309418284952 98.56524786814556
96.16865698344947 108.3674884971066
135.69879069736376 108.59755640381152
206.04248698089933 109.51724191916763
143.91634840773054 109.49934363086476
9.690518208632277 112.59653841450223
47.15910170601549 116.45806820347605
46.648498299605116 122.36673862432944
94.16555056546639 121.59501052515905
153.67593916540085 125.29462228049975
189.4871322161009 125.15577610566864
82.9433531878557 126.55554104094075
82.1092983336056 130.9857129243874
91.73951031681325 132.03879256853708
187.27267009484027 140.67160648368275
36.613330686395265 144.2132475722914
190.8391185604125 151.07346878894543
60.577189403446326 155.11867192404875
140.2147395595714 169.29699937287023
56.02688211980317 172.849314147743
111.84141492266689 174.25156161629369
2.2889910700406584 174.8275273329523
103.81832660230565 178.55227683152125
62.06736218227648 179.23015659026598
146.519583317958 179.47687740314547
78.17184537939863 183.47501799479863
24.04036264692787 184.49667588389138
82.37186982064344 188.41082477751266
90.60561624507568 195.64942770144552
87.86788786143612 197.38566897011555
115.91673696855062 200.56913871176073
149.6513611171103 207.1661418396258
45.316045664887525 208.62901055433167
126.46564658084888 209.82896892996575
93.47220979032913 210.95065937189398
207.04386662418256 212.7793964625623
51.46004574873218 215.24987665518051
77.79007922342166 214.80235729630067
58.33095272351207 217.46748498440311
140.0346021874622 224.37576524142816
189.51306676122323 225.45893496138638
205.13430312984784 226.20667229705697
4.196700419416679 227.53812238584703
= =
= =
155.40475996059246 1.9392142469571754
100.515455605481 2.8273240103430686
78.02130875919475 53.523438771596986
2.0646019247100273 60.01000647975064
216.97730365096226 65.63144119819785
55.52613330245958 66.92505938323714
77.20986366638077 82.31638728136788
165.74116564712517 84.13251307213675
217.9776069681562 87.94413307175094
178.68754566570897 90.09717947570783
97.14306133476508 106.81883748592054
144.93755650417296 107.97489887687072
95.16199307050131 120.09052214420146
190.55376464850363 123.62575121489171
83.9463655373693 125.07516501250586
188.27341805798292 139.12101341018362
191.7976791119285 149.47241741563266
3.292425089307455 173.31999096844515
25.051936623815767 182.92299241892132
83.3525449604272 186.83255591667253
91.59646961704014 194.10854921319114
116.91388710706767 198.92773044751797
94.43616013915914 209.41607229288286
52.479490920537536 213.68418787608232
141.02572234138177 222.78013940894112
190.5196261124016 223.94680062852558
206.18359654959107 224.62072958823296
= =
= =
100.54858034801565 1.53021297113757
155.4052798376172 0.8494438681642612
79.45539144558776 12.55497202940837
78.07376933567318 52.18478489129631
2.1504932927230858 58.743441379406995
217.05064985247446 64.30584213896812
55.66093829420811 65.60748352871465
77.3053540802457 81.04590575362359
165.83833866685174 82.86174265198018
218.0771515778233 86.79222500749391
178.79360755140516 88.81082700491086
30.505315937394716 92.29861766788787
97.24957874060453 105.4980773723033
144.98029622451176 106.70803455726548
48.22833948896707 113.58969891858571
95.27451049853435 118.83160824057981
47.701382743393125 119.49453302471949
190.63496032071924 122.2967428305456
84.03529011138302 123.82919819930548
188.41379105039425 137.82261484912956
191.95443742488465 148.22730274760178
3.312916725800877 172.12241798939377
104.87788207174572 175.79151038943104
79.26891608333331 180.6326464278237
25.074615677301857 181.69877517434108
83.49670688017348 185.50853441916374
91.69779139539837 192.8881264406739
88.73469957167146 194.825913192
116.99309072641726 197.63581663701612
150.76916266128308 204.39962805176404
127.5959576665153 207.02955738915298
94.56848821940402 208.18885884361907
52.59096054955614 212.4287410249448
141.19322100220654 221.52768642910846
190.7343471149018 222.7095249079512
206.2700869373805 223.43903453203288
5.203388018912732 224.76594969123153
= =
= =
161.86953805829617 2.2026337181192934
107.03591117978482 3.0738243464485304
84.5574536888562 53.65998366280062
223.27888217043645 65.87887300271329
62.15301754179858 67.17949866651153
83.82497341982791 82.54585307633
172.29971459631287 84.45268953231398
185.19821755572522 90.4052365574758
103.80095797387771 107.0360828661607
151.53735673422545 108.15255247304408
196.9853325795106 123.80659503980102
90.58453628857188 125.37527905187888
194.7612967097861 139.28974499289382
198.28592078457442 149.71825056571112
31.629592959442085 183.21713363825918
89.96345009722504 187.07203372852206
98.2641339608557 194.37654512168496
123.56754791186272 199.19991555866545
101.09328022662511 209.62310277941708
59.11821376843533 214.02488021734348
196.98069215410246 224.15287038220694
212.59132116447057 224.7919172799648
= =
= =
4.01131159987676 0.1714978198712664
128.5297094202633 0.3129003188572775
150.45717967676606 3.5180384518794425
95.50605185375557 4.487108911385851
130.0852883911724 9.96197459906639
74.45387368979256 15.576450933652067
154.49503974964514 32.09924429614425
47.22171192538858 37.234047513483624
115.0281882804992 43.4902637399205
216.96776913629054 47.30445056777254
73.08074631466823 55.214585169267714
180.40596943916393 57.14368129952437
183.87918599733607 64.28921105864333
166.88720472497573 65.1129848629263
45.62749552084638 66.30601655667718
212.11470435374721 67.2823401344393
50.63831506365945 68.62607086586621
81.2982141221409 71.32017817031017
133.29760216589432 77.51042781655805
191.5742655933476 81.4828627624142
72.2706276714556 84.07655638395046
160.84562933624477 85.91930617636544
213.0229218034085 86.66816752126228
213.14815546623888 89.8195752688312
22.674359317559993 90.93381864231357
173.80520943587086 91.87371203800802
25.347935926758062 95.33986265385134
199.74298745641357 98.78279111746484
92.19783332264115 108.54248965829767
131.78479352873725 108.87779414396267
139.98697909377614 109.8061416356161
202.12984434941163 109.61640227000541
5.847668874237825 112.87232486486126
43.20668410978067 116.64303424447131
166.4188910360276 116.7046313853928
226.52247819957896 118.89476276856048
90.22548249987075 121.87111820567603
42.74683118594857 122.50834551674326
149.73463877004042 125.61182239935806
185.63682885063503 125.36722299786322
79.03348850249161 126.86496668951258
78.23258847392799 131.26516911039923
87.81777158875944 132.27915464737117
183.38232654321675 140.90690486506017
32.759357523255304 144.43097318003632
9.11383064042518 147.64452660552186
186.9494470836101 151.31033240779945
56.72545123351993 155.33260289840132
196.71751506100466 155.09856877582567
52.15527609193287 173.09743724270348
107.93259607917386 174.53561913668042
197.5182495246345 176.14671318992814
58.480300975599086 179.07031708895633
99.91225679053969 178.86625152318356
58.20339943933196 179.69366089773928
142.4734320704264 179.72943755152244
74.29182862716401 183.6530638114123
20.197558939937007 184.68723805983154
78.49505789593407 188.61200081891448
210.75030804216846 189.73198650698905
86.75670502971887 195.90623957825974
112.03015616350616 200.72308968744022
145.78909582282395 207.4060992695048
41.521520638026956 208.83924505832022
122.62739938844864 210.0332067367802
89.6249631532414 211.16187314366573
203.2302975379438 213.09038130101456
47.661442260299694 215.52520374024817
73.9297986157358 215.02788282991133
136.16973497755097 224.5898738549329
185.69753712546915 225.7606211499649
201.28223569948392 226.39338903904795
0.6138445975709513 227.7271964798651
= =
= =
7.280226883647249 0.3842751168080956
131.91393735508396 1.1062356820813872
153.8223603670609 5.02692231524581
98.85792413866204 5.9288329963285715
133.3603098439717 11.426217524936993
77.67685375048215 16.94820141253889
157.8048887773881 33.62796559426044
50.6042961505225 38.769148980484246
118.43232335939841 45.19703801826218
76.42171033742841 56.82997335082937
183.65392838434587 58.65446387929718
0.5264483981100782 63.27138682854442
48.925634429015744 67.88127951359314
215.44136345113537 68.85215444701583
53.97160071083707 70.23979114005263
84.62097073129102 72.88850588585404
136.589552008393 79.16664873032201
194.8940959292608 83.03100516297908
75.57984341391008 85.67170165211066
164.17984534686238 87.50359801100758
216.41672713903395 91.29707821131888
26.013560601718456 92.53548274558145
177.13985592169252 93.4679869106731
28.753448398167308 96.96184458562551
133.871395884787 98.8015921366529
203.07626131153356 100.37784152254045
17.877926332662735 109.05778080388016
95.47300319896259 110.15136029567702
135.1535660356294 110.50464600977362
143.3450170408951 111.39539322798338
205.35516470522796 111.18890176546523
9.129354418036307 114.45838463599262
46.494619924017954 118.22238627603542
169.67469223043085 118.34100859917979
229.86647171156903 120.3747543788641
93.49176249722228 123.45114163361953
46.03846194595979 124.19811899581389
153.06803338121858 127.10681189133822
188.928281060343 126.97180587990312
82.362459090289 128.4402855291387
81.39615698530382 132.85251798539778
91.19550707398466 133.8945639047293
186.66058781553215 142.43957204494018
36.03981783975725 146.0551098284991
190.20816199573355 152.8825313598274
59.99551693652225 156.96895092116335
139.55338577183318 171.06597732496118
111.27520878724712 176.10120916902548
1.7597650016363116 176.60920421605138
103.28623019216019 180.43146785364445
145.8411493375156 181.3216703885637
61.5585101293566 181.29673832783425
77.53422792966089 185.21748672622883
23.50527748126805 186.2408521327821
81.74474246365295 190.1919185293403
90.02995432951455 197.48929112434672
87.16391247201256 199.43655477953456
115.35858024953974 202.2827917094724
149.03277849206663 209.00640618728096
44.78612839801275 210.39908768237763
125.90167742805598 211.50026196794312
92.9361997692804 212.70441876258818
51.00335978009676 217.04529352106152
57.806311003024895 219.18551253028917
139.41057909955003 226.1197480829766
188.93415776844213 227.25594486499114
204.5106772098609 227.9556639058683
3.6999302961643097 229.28479883917848
= =
= =
164.24163186138034 2.12510048661243
109.4113952707704 2.9515313194622634
143.94736697441212 8.487091955110866
88.25126902397007 13.890615438986474
168.2692784264838 30.636973954312275
61.07641256519373 35.51859988500503
86.96272034413822 53.56475684033986
194.0353489904875 55.665664191404865
10.780905944855881 60.08559012704095
225.5313205247637 65.8024144268453
64.43499727443726 67.0608017138432
9.115455528030326 69.92014672515818
147.19982135766926 76.01421072960969
205.17808525144852 79.92030136096643
86.16977156744541 82.52291921287204
174.62969802466841 84.32257586231229
226.64501831170497 88.22984709630184
187.52953695168725 90.28930591192085
39.22283603139243 93.75258654117584
106.1353183276105 106.99185998754179
145.70849418292644 107.25287196821483
153.8959277399742 108.16941216082397
215.72790538665748 108.09234679014232
57.10311760522551 115.07266285589644
104.17491203823741 120.25263256149611
56.53602569032925 121.02038946405426
199.35458669155773 123.81959821939877
92.96580857959974 125.23891040437229
92.08050700911137 129.66804337052633
101.7516182969782 130.71263489351827
197.0934917865562 139.26887107762442
46.49253775604644 142.92505767723762
200.5928642174569 149.64571983971868
70.52211307559266 153.8147074498415
12.021775531343453 173.57150534998894
113.80674814813217 177.22083957635994
72.10662674581552 177.92735663300545
156.42365610505243 178.11516698911836
88.14625074268427 182.1050830026763
33.8887901328665 183.19390544303204
92.32767989877954 187.04666494375502
100.56462143093383 194.30590872150125
97.77653214777922 195.60721911538226
125.87486061616447 199.09039992323434
159.50290933925788 205.709850694456
55.19510412766501 207.37454569373503
136.50598133494813 208.43487198789927
103.36031798853874 209.54255398813407
61.44460827736568 213.98538606427545
149.94743602941077 222.90650618838706
199.29753679959222 223.93934716134626
214.8121728414902 224.6285719091881
13.88550135868254 226.3657741819401
= =
= =
131.15082601923154 0.24849427916941466
153.25779166139856 2.760404822782717
98.3405127920339 3.6597496836567127
132.90968869252987 9.165692825354597
77.18399763827365 14.639405589759559
157.3290742503427 31.368510592275204
50.036321200433996 36.40977820487527
117.86490067078398 42.73194057025873
75.88369658480444 54.39851663587811
183.14932910034534 56.3645748465027
0.3183782173006721 60.95567397602885
214.87681147518362 66.49618025397676
53.489431269905076 67.85910959922681
84.11900502152741 70.4926812227681
136.11055314989912 76.7281771304957
194.30773065493926 80.57537701393731
75.03958942041443 83.22853352318792
163.6036931212936 85.05690630799678
215.82662470145004 86.12596334164971
215.9016313308751 88.98142063078782
25.53857640936589 90.07811459777902
176.5306754532017 91.03395891273793
28.211757451631186 94.55831501783103
202.47009713564668 97.97751146514682
95.00482495865556 107.73918815676586
134.55248488352845 108.01557363426757
142.79173634202098 108.9400905651515
204.9137763100228 108.84115444302621
8.506017395520036 112.0171477562355
46.02462590810787 115.82090965579727
169.16621336608807 115.93908761667569
229.3413524060276 118.04420538474712
93.02331389695573 121.01763162723745
45.42978497670805 121.75498003668315
152.4841976947195 124.67066582248732
188.41054255676158 124.50315128238802
81.82938724794164 125.99178218588337
80.9553497743937 130.35569053598675
90.6088135448433 131.39766063017748
186.1345936740569 140.06606724612448
35.56748821277035 143.5837524034478
11.859844485312566 146.81006836102586
189.71900662945274 150.49731120742533
59.50791242108772 154.45421846578026
139.0689499893052 168.6819731099677
54.9351065097148 172.22659470253888
1.1819545752038134 174.2429314960944
110.70058933178262 173.62429824933463
200.2375391827409 175.2412532888154
102.67667736640716 178.00660727575917
61.00259807138699 178.6426932128837
145.32459730604845 178.94509835910736
77.0388406362856 182.86354692830372
22.932767390306523 183.87115781834459
81.20372631236977 187.80566333370996
89.4174665835154 195.06723093117736
86.89624802244583 196.8358892044607
114.79582384929766 199.90077613238603
148.4476786412627 206.50462819992026
44.183862413888065 208.04321763222796
125.41505255531978 209.20237648047183
92.42731809334984 210.34862588187463
205.88589041921045 212.16635429155622
50.43745601822746 214.65146832459882
57.20270791098264 216.84956503593435
138.9357322988796 223.77172187247004
188.48534774696063 224.8878323945793
204.03825437871294 225.5759612248356
3.114341120311126 226.89934358024925
= =
= =
108.22123181506385 5.4194511634448315
85.93430978411082 55.99881003524134
224.40562821806904 68.2685250145078
85.15848326704914 84.85416488253344
186.49675883169508 92.6879499704284
105.17461210999052 109.37841160808985
196.01369773531107 141.5637874795309
99.54891512529788 196.60841399008928
102.47136166193776 211.86696398360556
= =
= =
80.40043652621281 74.31900303766824
219.27312554281767 86.40851064336718
79.53952825832299 103.23362380357739
181.13288269802698 111.10721335608477
= =
= =
80.49970087653955 52.564034978627426
219.42741524164884 64.71572140357003
79.71516701903047 81.34935550761124
181.21340333239658 89.21638805829616
99.67631709178258 105.87893571970896
= =
= =
79.05181745971728 53.36688045145869
217.97138992456766 65.51877189058992
78.22090643792401 82.21002945183184
179.7116417259527 89.97540862821013
98.19708547109511 106.66647278507362
92.69105435797098 194.01202355171364
= =
= =
85.9682622952308 55.00872540098514
224.72959419589895 67.16757154065964
85.16101779342686 83.8869990399837
186.60847216843226 91.62128028351853
105.18931963908611 108.39427494764216
99.64069082630779 195.74440413158595
= =
= =
83.98558713854159 52.51188638550186
222.69304572233887 64.71304750018697
83.19592590930554 81.46436374220134
184.6586579692078 89.24833336784708
103.15020083084934 106.00931894868411
97.6728192858154 193.31979733060072
= =
= =
78.34923814384177 52.84427623456596
217.3107528116423 64.97242451715023
77.43425533202745 81.63304418588302
179.09227780093565 89.53361679406297
97.45755047262848 106.1783229280524
92.04627570666561 193.59592867989073
= =
= =
75.4519454610236 55.773416975462766
214.42585496122948 67.87822847284124
74.63951750515581 84.62258828873755
176.20278179671857 92.53293567097597
94.5972735789319 109.13847179188015
= =
= =
