174.0467650148435 1.070225779558651
119.42642345747964 1.6245823430260753
2.6552311888421323 20.11197061715605
97.20803420168117 52.16436010992233
96.60426001057725 80.96176020561357
184.7788273046634 83.03170903378826
197.56651173226743 89.01289215775904
116.56018365404842 105.5815502782082
164.138988461971 106.81757308084751
209.28608546304548 122.36451309264983
207.0881315954201 137.8255019216559
22.07302490222513 172.361089251499
44.068782690608735 181.9877855987182
102.72296463900835 185.70643353083702
110.99445436941687 192.96511911936605
71.707851237627 212.78678684651018
209.14141128768904 222.2976908011097
224.5376927968488 222.96358106068973
= =
= =
22.486891547468858 0.2601548335009238
147.43549084620977 1.7273639825185811
114.48195495853602 6.451683351640387
169.18500695184082 5.76892515222555
93.39401541063721 17.327743343771047
92.2098465477492 57.067157939414656
229.81280657394205 69.46077152355791
91.60568921337332 85.89196818708214
179.87211316113172 87.9244736252972
192.7404107825309 93.89361499166752
44.44584789035403 97.1947917895711
111.50412861930285 110.54634353003628
159.1657331802214 111.73257881469858
204.4336581985303 127.26307544867109
202.17701924899518 142.75605799533093
205.76506007362096 153.1123091810629
17.177903712054988 177.17265290739994
39.119520729731875 186.82668477207588
97.73362226511823 190.58659842021206
105.9941631168019 197.85393545122048
108.81378630143433 213.13311277357553
66.76143218480313 217.57275164710066
155.19102807258318 226.35488976423258
204.2399478454941 227.22321506571723
219.6618490761974 227.9001392799269
= =
= =
192.27706071679822 1.364699102273509
23.366120503543698 5.766349667578267
106.56531160824187 8.77755365581428
9.690177455819372 15.822829493760043
157.0066997509021 21.781210179590172
101.92589759971585 22.681576720758315
79.48952852896642 73.86287241496113
218.46851612520862 85.86710805918044
78.80916881876327 102.7807203538276
219.44130849823307 108.42307775013447
180.25885687524888 110.61779354787168
98.74434648380303 127.52974038777992
146.51018952015372 128.61758342513932
191.9834596729667 144.10213173587474
189.6802616818287 159.56790151388336
4.899541067364157 193.72411185973775
26.69860592846491 203.36050884110819
84.97375038946001 207.30938538779108
93.23139143035586 214.5465267661086
= =
= =
193.07920704285624 1.9671693147753808
24.14591545837391 6.394943911266487
107.40669535972644 9.411566026148714
10.49203031675534 16.441992906509544
157.85246527524845 22.403485302507193
102.75149803754624 23.286112258778267
80.27426128119285 74.50885422264687
219.23504751126634 86.51219609167372
79.66579329461405 103.42701427810134
168.16264532943572 105.34709142180314
220.24810814206552 109.09237585344947
181.06556666814694 111.28181628741687
99.59337956642987 128.14120055753364
147.35373269680719 129.29071554481567
192.77481689916368 144.781867865831
190.49585031494226 160.2275682570554
5.748183772562327 194.31640760445745
27.501570577710442 203.96541176766982
85.82500144478992 207.90375651383258
94.06507556660176 215.0848596551109
= =
= =
44.956677173649034 1.2640556574430843
128.39290402363278 4.645941440955679
31.1600526257671 11.248179882360606
156.84468705222017 13.729224909712078
123.86302888662584 18.45180469108044
178.61388200590548 17.78292820311912
102.71456223662668 29.427658528288106
6.4819555590298235 36.8753021679546
101.5989940745137 69.4786060671531
79.05072500739276 82.96381225725196
100.95351334134885 98.39420132506157
189.15019593786207 100.33629942166831
201.9753769091612 106.28864083209263
53.725573334111644 109.79448158977934
120.9513468689292 123.10754673699061
168.5509422435423 124.23309661874676
213.5695185740958 139.68582528598924
211.28121500129893 155.0834968903062
214.804999675186 165.38915673265248
26.47667798258663 189.67772710890478
48.490973566090815 199.26507283767762
107.05192722810006 203.0319413269251
115.3224576374357 210.19594443552586
118.09287511442416 225.36996062606707
76.1140340950743 229.5734071869829
= =
= =
39.98451386278705 1.7084381109758047
26.245712961972888 11.693859023524803
173.59710302690982 18.038966630241102
118.72501548349855 18.7901329985582
1.5830421381818711 37.2531971528504
96.39074198126683 69.79392782797414
95.75743349492288 98.70072127376874
196.9167037453006 106.59159636943322
115.71705590598717 123.40022268624685
208.56083229142806 140.01444758803842
206.286885362709 155.4703509518577
43.33923281256472 199.5397509133305
101.84842439627676 203.30295642537217
110.08481006937791 210.5253748409492
= =
= =
179.4774374470306 2.5520173208867045
124.83246445913736 3.035510259857713
103.75934007135862 13.91135857565601
7.897012683865435 21.325471312231205
102.57978370348118 53.61654150283731
80.06751933302901 67.01080581385055
101.88550250558691 82.40692537221919
190.01392781916897 84.51023775083736
202.84948432526437 90.51675863982466
54.715323476362634 93.7355225298269
121.8390784982964 107.03893180284301
169.41216356070606 108.26301470589452
214.49262721788762 123.9079457470861
212.2619751455837 139.29674158347163
215.78641430148983 149.71877401726314
27.226014288002638 173.77247532972729
49.24097241885754 183.37804585213138
107.90663056805687 187.1210831252567
116.15547475922976 194.37452695109835
118.92568963875863 209.68819149580082
76.87098237368525 214.15821953141398
165.2902249471772 222.88308397935194
214.21321659209096 223.75483436413737
229.5557393086809 224.3529470940478
= =
= =
177.36177993983495 3.538658048797478
122.6715577974921 4.088793112890713
5.790666213670261 22.44497618513777
100.37328299515833 54.72733313027887
77.91288841828539 68.12058749981931
99.70871345307954 83.53838053416281
187.900587586902 85.59502598561156
200.7346013061773 91.55027786331196
52.508452147534335 94.82294999563734
119.646583975798 108.13750464310215
167.2462535848291 109.36907533164947
212.41653257394546 124.98837130329393
210.17537776367672 140.38110946968297
25.129730008838695 174.85475779391416
47.11390618172791 184.47523388490808
105.73999554092431 188.22785525110712
114.00417169108945 195.50664434319705
116.77541859323988 210.78633334970525
74.72665557829755 215.2225212385537
163.1582050350461 223.97859251023655
212.16219507833765 224.84737457129748
= =
= =
34.10288982922939 13.157568360210348
129.3694522301656 45.77200147498684
128.7597893746511 74.47354944677396
228.79900660442448 82.80122399035105
148.69489263684375 99.08315747843885
195.91363554294168 100.38957164817963
23.184758455885905 152.13637849163877
53.78450059111384 165.95852630999386
75.93968105162507 175.54671865281594
134.73330466679036 179.15984213613115
142.96009327656617 186.41237714579609
= =
= =
46.97757375087592 0.17990356084599424
172.1771727610864 1.5297115635875764
139.43752229931928 6.094553089116411
193.88032080329293 5.739660708996291
118.38317632430616 16.882236413258273
22.123425107383135 23.963206882111933
117.26708379056225 56.61881885178214
94.82881105138269 69.95848175814956
116.5996550084381 85.4583798134608
204.4673191846373 87.7090038443502
217.18043032666836 93.67333758033462
69.34332058008543 96.66028699228939
136.5969985116078 110.12089271517961
183.97919353780375 111.37231144771806
228.75803626177907 127.00036771786205
226.50537517975977 142.3188740054992
229.9551066305172 152.6927411087537
11.336795513847328 162.94845005463768
41.76064086294921 176.8004439161148
63.840119738792346 186.43889047373042
122.53554931604411 190.1285282036534
130.79958273506742 197.36703677239743
155.95365506355955 202.09672992360586
133.53897601857216 212.64997363856958
91.44134649161464 217.18779274343555
179.67830360066264 225.73885790214018
228.11305553092797 226.3982740695638
= =
= =
8.380367065361966 0.18085660234542406
132.938033536919 0.7752104096826099
154.8114875024984 4.681347808229669
99.90224981589368 5.508721290159681
78.78106251960328 16.463838418270416
77.4549050354836 56.26159214791407
184.7374428988024 58.233058806763886
216.32134758896566 68.462776570822
55.00487393210976 69.72020309130947
76.73845876599576 85.07540963878336
165.1885520071462 87.01346458538248
217.42869666529248 90.96807331261435
178.1229572889283 92.98326424036738
29.78875585570953 96.38021036289862
96.65602272999013 109.6716756776711
144.36930065458148 110.91180102598094
189.9573846421799 126.47820799041206
187.72485400183513 142.01392532592868
191.24651295133458 152.4032236258029
2.7225643954597802 176.18141660166694
24.497901082209466 185.86790813763116
82.85546728589514 189.76360756952877
91.10390494384914 197.01747822346556
116.39520441342862 201.86966503876
93.97302887063623 212.30500825046062
52.01106595087358 216.64062544248026
140.54379485315377 225.75147108301374
189.96280475314333 226.80282276301637
205.5114748842895 227.38674639372022
4.68887416611348 228.95070889118557
= =
= =
15.97749524503105 6.459878200698297
141.05548803583022 8.217173328380545
162.97447169708215 12.181880747121255
107.94181854176557 13.069777283488392
86.77588280259718 24.10744141773507
85.4913415122816 64.01072139168696
224.4515393659194 76.14823650735892
84.80495051165843 92.8509062333314
173.35142584184845 94.81421682061018
225.48412187049232 98.65108183970122
186.23856426477693 100.78570071076373
37.78062737222073 104.13394281093728
104.72420641754164 117.5207073843706
152.50070210689094 118.7662325113803
198.0077935329587 134.29132299079768
195.7495155672602 149.74321180570388
199.24740939688877 160.13124206886832
10.792199969263695 183.87279266875922
32.58471754420212 193.51511916362242
90.9587686210588 197.51853185497407
99.17155597350074 204.67915254375538
102.01926143908025 219.9056065202721
60.10351079401559 224.17776254705456
197.838997011358 234.26007559157725
213.31383119431084 234.905644499379
= =
= =
22.433050953238144 5.970667524687464
117.29579897883784 38.15260590159026
94.89997965357713 51.40241992136148
116.72288635533596 66.85833424439627
204.41293179196688 69.12654384345737
217.0979860780613 75.10311359338469
69.5020109383696 78.07275558935052
136.68135536712325 91.3855580291491
184.0216111397835 92.77305540423181
228.58928256741524 108.36484086582121
226.67523584897052 123.80501622334081
11.290293885903234 144.58005525310486
41.823319685702906 158.3552877926631
63.91512441615366 168.00614594408972
122.75989412607022 171.63695851078933
131.0035317235247 178.91414401264302
156.20259654886783 183.66001247149447
133.82105304009715 194.26139496316534
91.5746768862427 198.9171015735634
180.06620976085586 207.44302388347813
228.51535695639816 208.25683066803907
43.2525246098091 211.863480044124
= =
= =
22.07426332498885 0.4373080861744009
104.99501094608341 2.563651193514781
8.374406701881357 9.636714858013875
100.29647066250668 16.418885775396102
155.31979885995588 15.530959243312981
77.81064835012732 67.46063007809174
216.77233385846498 79.65054049198149
77.05335252359914 96.33922503558934
217.77776311330436 102.18066004377052
178.46966097722785 104.28844671253822
96.95331534096645 121.00637146450124
144.73069315507283 122.19131792224438
190.19244620735998 137.8361202200684
187.91515498555705 153.2916608631026
3.0563762869549707 187.18987661110913
24.827439320844842 196.8668621576769
83.0620498980938 200.89676684522735
91.33257835920637 208.14225897652318
= =
= =
135.22184329499916 0.3071436262555833
157.10672878923154 3.8896159308684397
102.21653923750354 4.734368449259001
81.10902589073694 15.721512725037108
79.86696713283897 55.42478162804867
218.6169591865306 67.63465422029107
57.38145432896211 68.89310052118154
79.10072340126885 84.2043517476778
167.5791468607175 86.17363237842096
219.7752283379295 90.11444946380936
180.4880251852162 92.13917367035583
32.12259180958875 95.58110550853974
99.05828329359005 108.82494409055657
146.82318622039173 110.03046072973063
192.29349657094528 125.6948094625057
190.07378727301298 141.12114810047683
193.65330534556355 151.5709184408026
5.0771055714297715 175.36682760933408
26.90015632479272 185.00921622558147
85.27012974717447 188.92161250267102
93.59022683810548 196.14826342640316
118.86740226429113 200.98935937817174
96.45695978405652 211.5068878480023
54.43043542761549 215.8512757818597
142.95950003498027 224.85380091917494
192.2956844877245 225.91370809813637
207.8776265534571 226.53773673440145
= =
= =
153.86451044832944 2.424468583203731
98.94902807991473 3.3017473614853685
77.85163997936208 14.289356814882819
76.54123957451012 53.995700628415
215.40560976923592 66.16594472196725
75.80727403385603 82.80261047000468
164.28594241187997 84.74038703463
216.49693186925285 88.7148280755095
177.22591183707894 90.7245556285403
95.72714255657323 107.40094280995646
143.50280705641322 108.61387199963353
189.07692210097764 124.24842048090585
186.86317636188338 139.7762081385356
1.8409146042702293 173.96065699070832
23.597537415720897 183.5824391755228
81.94901398050081 187.52380662174488
90.21866740128266 194.82337958932092
51.1396711558353 214.4268663195994
189.0908732795852 224.58006076293182
204.6746529081044 225.24273563268625
= =
= =
102.95911349963696 1.2244433760423095
157.81971055492852 0.5259821266660043
80.56496582265908 51.87955810251483
219.34956923052292 64.07280840302947
79.82925193793866 80.60711017672918
220.48939142989707 86.60480919295486
181.24294709787006 88.54902838838179
99.79197199538588 105.21139895994597
193.07991830269174 122.10211458831938
190.89198532489635 137.59514905810755
27.52491816830865 181.51356545095632
85.96864269578502 185.41605093969577
94.23821331419985 192.70004799514857
= =
= =
135.64730187672723 0.48321754734163647
157.50386585546872 4.180304796036695
102.64068100866075 5.044940424841271
81.46638142453034 16.027852193843888
80.16997385395965 55.78476900204621
218.95413139653158 67.99165316753616
57.764523735830856 69.15369002671233
79.42103167287955 84.56522298878424
167.90878262401378 86.52036511575727
220.01430551504174 90.45331269427366
180.8390902849513 92.51666375029052
32.47412384861014 95.88739533085091
99.3339786146145 109.14162951709625
147.07430527207143 110.36805198714615
192.57739743913962 125.99457578845649
190.29735051421088 141.4677363533667
193.880311487695 151.88112180880898
5.319693271274054 175.64841379513447
27.14166350928763 185.2626160449401
85.47480991310563 189.14630434021936
93.82566702374004 196.4507262491583
119.03746263311733 201.2599053125102
96.64497860393767 211.75936728739475
54.661351528230256 216.04385721388618
143.10234789233039 225.08706990730957
192.50377679962654 226.15243726314722
208.0072925296664 226.85909190143923
= =
= =
131.6513557885233 0.3548887682378563
153.51757345522282 3.8928409245594042
98.63350420630744 4.817014678282214
77.50250187263335 15.832338404627679
76.15746207393715 55.54931573328933
215.0297152545703 67.67507795512044
53.79359529523358 68.99823366135435
75.45633503125497 84.34838486243689
163.92082250796005 86.23211708779668
216.12820990554462 90.17133024944381
176.86845654531464 92.19779021921958
28.486160551771093 95.70837013241649
95.35574619863921 108.9582685475628
143.09125771911536 110.10539407605506
188.677812492858 125.75827393309433
186.39234088988914 141.21579436547609
189.96759420016403 151.6745965467204
1.5319530892194424 175.48591968046995
23.24153574734537 185.10435881041735
81.58392162441447 188.97767698528511
89.86834195144552 196.2395767674353
115.09732000680091 201.10291862151612
92.70645162676838 211.52806993131406
50.782004785241135 215.88480611469632
139.2017099717124 224.97739392219003
188.6941995165978 226.04475064949406
204.2218289220438 226.7497398096417
= =
= =
157.85258033910878 2.054063310743092
102.97691170840099 2.94136486881693
81.87735156901314 13.92354992261925
80.57540465346906 53.58020752833604
219.29694599617284 65.78979774466666
58.118393773192416 67.03716109618372
79.88125629280923 82.36346997722151
168.2445626303424 84.27865020536014
220.45026164187365 88.22363181856677
181.17843869431496 90.24718245667079
32.87866732133886 93.77567587380233
99.82116326859993 106.9887292494022
147.49597317864144 108.15229847251658
193.00772292664155 123.81744334086112
190.81376755032775 139.22501069767932
194.2916237748788 149.68576326870772
5.769469966168159 173.53690139534635
27.60792011392507 183.1485903570482
85.9872463831872 187.04565747993186
94.25375505424871 194.29909116838152
119.55318484238063 199.0887153546641
97.07694735713977 209.6472128516042
55.095676033887116 213.98652928666147
143.69358715267236 222.9810891510383
193.0406782563608 224.0200814487385
208.614922919674 224.75243400518988
= =
= =
8.224372585875932 0.47363711191009505
99.92362212912472 6.520922370483576
154.82916748679398 5.557634439572413
77.51834872034577 57.2919364463676
216.38049721029603 69.39804780910727
76.776614119021 86.09363836915396
165.22792401028906 87.9990724367323
217.45053902689293 91.92469609340786
178.17239132043272 93.96687232451254
96.69789469639048 110.68863186639184
144.4312007366701 111.89025226363223
189.98397244979833 127.48241749402347
187.75264758663866 142.95112198278235
2.8160489638073685 177.17881248212277
24.56884135398611 186.82688434837775
82.9113996000335 190.7222282093635
91.16489065412905 197.98130518714694
94.03207574589402 213.264663792718
52.09510417113144 217.58145931596232
189.98042856134342 227.67210592329218
= =
= =
154.02273991622477 2.9623652163508387
99.11548228612516 3.8330664952659608
76.68652080185517 54.532314286945436
215.53394262841292 66.6877411306472
75.92363087816979 83.33995665226512
216.65083330102084 89.17001246809592
177.35976604763303 91.24670456202938
95.85844916479255 107.95161914919977
189.14947760017634 124.78077688305788
186.915784521697 140.241194139647
23.7446673735534 184.06124596253466
82.06114331817793 187.98927379112843
90.34023555593708 195.2633979537042
= =
= =
10.253706576577668 0.3416697692073266
156.94778698354062 5.036208601777597
102.01917213831616 5.8959850968956475
79.5723081935175 56.664708980416904
218.50275052981556 68.85370792378333
78.85274522598266 85.48481367759737
219.57687719344932 91.32187681082796
180.27076143009313 93.39383969994938
98.77080029220305 110.08444330214257
189.84879993356208 142.41253574642084
26.63986106639645 186.23394743277257
93.25427243834682 197.42455379222235
= =
= =
16.84269387038729 0.1704938313277994
141.6302980196762 0.7887172687218775
108.61595758487765 5.437070006812177
163.45017680221483 4.735714142149635
87.47452591361754 16.353459193340253
86.17994804122111 56.100952950928985
63.752686706193245 69.53559979733949
224.8123981377099 68.49736768932229
85.4425147970929 84.94701555478065
173.91079028850191 87.01626396002348
225.88854539027153 91.01151198215936
186.81501789438445 92.99958080171153
38.37384592041813 96.21699445227134
105.36955817407957 109.56294316831068
153.11070540341433 110.83988620354464
198.49821285710019 126.49170201275827
196.2511007691492 141.9556637149272
199.81073009321446 152.33310419771388
11.083911164994317 176.13280038543107
32.95726938339881 185.7704014262507
91.49206990627057 189.68286124943407
99.76494281129659 196.94090879837256
102.54220949454341 212.22001079377205
60.46363615513382 216.54988821635828
149.03625468399426 225.53862576831497
198.27710560348513 226.52978357315533
213.77584421164133 227.22276414889043
= =
= =
148.72642940008853 21.952255085931522
213.0096428320021 36.48782554770369
43.206463469491574 40.34251240671126
127.21425233047609 43.99272692488678
29.403612625096116 50.498087966284864
155.8323578015551 53.200778948005
177.76502333601346 57.24589009444198
122.57249009220999 58.109166497441365
101.24855243120591 69.24607263975155
4.735137873625799 76.2911821501313
100.09401688744782 109.73601999908895
207.2308999533922 111.62163005630326
77.56363873688319 123.22515672392383
99.419270418509 138.80262469833679
187.76151245504664 140.56248254833093
200.4760019292418 146.44177162920127
52.2634062942997 149.9334065580404
119.35735852390191 163.39026963954092
166.9264485767881 164.49138402745896
211.8418877619906 179.61573268649354
209.42215418363665 194.87136162677126
212.8066876764322 205.0362310518312
25.52302081307504 228.77794241335127
= =
= =
163.35365217203363 3.83327405654613
108.55042571760374 4.520920110692805
86.15135809628877 55.160920694195475
224.70446897381623 67.54311262747774
85.41339075124864 83.99484904362079
173.84010263475525 86.0150144095365
225.78454935149932 89.97261902498286
186.7339919667783 91.97296222996948
105.33183809490102 108.56190214948676
153.06620545603343 109.8161850074239
198.48352184129052 125.48095190171746
196.19914734358406 140.92407692236475
11.097374174861033 175.1761368958389
32.981215483607386 184.8074456820968
91.48046524006726 188.70408600650975
99.7483501812086 195.94034630701182
60.50061966784209 215.58631574566303
198.2875430462903 225.56030541833312
213.7622236808994 226.2240287955166
= =
= =
139.16132056413696 0.3954296724580785
161.05951373266032 3.9158844378287494
106.1624497439989 4.762231626325883
85.01916822972375 15.7343275220933
83.81683252053801 55.45989211358622
191.0004967187531 57.47963629913013
7.651625972115539 61.99054922306638
222.5273026641327 67.59273305381866
61.355651291213356 68.93815356567275
5.970999888758875 71.82916852956932
202.19528771767514 81.76998500672038
83.06808069245112 84.28604076151098
171.59111790036243 86.17566575323997
223.67585280773514 90.09487577292339
184.48696684692956 92.14371867872536
36.06626481855282 95.67135522233775
103.04783660411813 108.90998162772793
150.8255027552863 110.06833510185679
212.73956761966392 109.94901443447012
196.28708454412538 125.68745687822809
194.05634614459115 141.15085516738526
197.63275655877288 151.5614731914296
8.981320630262859 175.5721861424733
110.79591714495469 179.19449817770544
30.856547283773118 185.1887092536212
89.25597281527084 189.0503745213837
97.57136306191356 196.28898109569292
122.85870642243978 201.08578715092582
100.40496856585244 211.58909783445762
58.406512365170705 215.9908927844046
146.9592229885266 224.90603897788458
196.2784944253654 225.88300705884808
211.8218742719597 226.5047196000007
10.938799593548543 228.363588273492
= =
= =
15.997626773000245 0.461768261854057
140.98273541426622 1.7514469017170922
162.85214680102638 5.7344870935837
107.95148684272306 6.54116982629496
86.80406012162767 17.523762966115754
85.57526078422698 57.31745868407943
192.78457909992662 59.33172346424397
224.28885872097533 69.54184045709805
63.103134479369864 70.81342197719904
203.9193489755601 83.6577253168054
84.8682692732068 86.18707429231523
173.3471184816117 88.10245443999278
225.38098994951434 92.01782287870495
186.24917893691466 94.05791179956145
37.82717521114709 97.5076924521253
104.85559876115545 110.81567479852943
152.60761376785067 111.97877792679391
198.03933709365134 127.55320355651057
195.83960053276303 143.04113881278033
199.35404546014644 153.47001416184762
10.75561678600502 177.46514431473918
112.5513389928503 181.0812737195213
32.614755672813054 187.05954616327807
91.04675578139916 190.93201700433147
99.33338717711315 198.18943216300937
124.63933830351016 202.94668059104035
102.16154011952656 213.46789682190936
60.15594372844836 217.84548534295317
148.72487385039943 226.73020144570208
197.97432391849466 227.6616289232969
213.44877263467328 228.239581718659
12.710067357417342 230.18677969656747
= =
= =
137.94902398490635 0.7447862617274688
159.7965279774191 4.318025625647075
104.89821027530698 5.1609869662711505
83.71621001450038 16.14589642487893
82.43062965764884 55.96316727404843
221.21155433084954 68.18746868150492
59.94944945622251 69.39942943384891
81.64547955518354 84.8508056357882
170.15499550482994 86.74640138164887
222.29770456813253 90.67002112063808
183.0832177111031 92.71654885460839
34.677744323680564 96.09714887775151
101.59658174053709 109.39505173337795
149.3394561324333 110.60301823748848
194.84080987221535 126.21495953571343
192.59053856622822 141.73372765480596
196.10537241812793 152.10912636231947
7.512126182998571 175.90377479372268
29.317963375894077 185.50136424527597
87.725955783916 189.447422409972
95.99626446434097 196.72103661633219
121.25199654101407 201.50877525736064
98.83934751021181 211.99697581525504
56.83092430587716 216.33022752798593
145.29976783149786 225.3065200822751
194.6912395894342 226.47842147601156
210.2351730381274 227.0794730403201
= =
= =
159.7557022926465 2.1069604868768512
104.87449977475485 2.96394413276765
83.7280355042427 13.939705304774842
82.41380942503955 53.692436609429656
221.18952128329488 65.92303026397111
59.960983805808034 67.13221645626369
81.63089934281001 82.52848771829088
170.12917294795395 84.45594376305915
222.27565104894975 88.38118966595759
183.06874666889811 90.41395162399746
34.66688615635264 93.84595900705438
101.57876309828548 107.08933393081607
149.31764190439276 108.29529196539711
194.8664040370664 123.95451391298259
192.59639707241303 139.42848805666864
41.95318107331659 143.00492432241788
196.13261903765724 149.84829210273443
65.95344154826854 153.9247539941813
7.482436470388747 173.65075121366738
109.17845957441196 177.3833225857739
29.2740380509668 183.2725796071016
87.71370187597633 187.18493354371026
95.97828645563601 194.4785864933625
121.23829441899697 199.27424237508774
98.83417763566328 209.7834714450886
56.826133943809516 214.09510403718332
145.33825448456668 223.1119735410808
194.77792180953568 224.23166738101853
210.3193291750693 224.89553004433085
9.347545232583297 226.42802001997183
= =
= =
160.25253155928198 1.767108386226497
105.3574577739758 2.560534922757496
82.93371077266713 53.25599655003664
221.7940218962964 65.50096446788369
60.447822535027555 66.75900873299439
82.12356499959583 82.10721166269994
170.66453153243373 84.0259107114616
222.8337043371908 87.99273168391827
183.59322610291522 89.99819419431714
35.14813131337335 93.40612257021641
102.07316229204788 106.67547853001075
149.84630893357166 107.89251627501332
195.36645495691823 123.5379594983809
193.11894555293452 139.01946515429353
196.6868961763803 149.44458527892203
7.986442087177819 173.20781776993866
29.822813535954584 182.8731603394018
88.19710830693803 186.79103358869938
96.47351802537982 194.0308514661356
121.80383581192643 198.88833150598612
99.33062878038393 209.33467498057342
57.32899559756393 213.71440458371407
145.89848570213397 222.77238813760988
195.3414023003368 223.85448880632845
210.9201490560458 224.56515728400873
= =
= =
112.08914195900995 0.6295603696228884
15.339095787546325 7.09736753303264
140.59329968502416 9.006289853105173
162.48451048841278 13.01139138054078
107.49822852056866 13.908571010567996
86.26421752997372 24.934343829075797
84.99336543963294 64.89145876714255
223.9656026751357 77.01229115674217
84.21887657099964 93.81995011688348
172.83929478175563 95.68581679779798
224.98208553120568 99.50562385314826
185.7582572899032 101.63891636324574
37.1937327459661 105.07655321173128
104.1998411174505 118.41979965408866
151.98881563228906 119.58395370326085
197.4867389047932 135.15417679826157
195.21195553575106 150.6144030926791
198.75404982972915 161.01428125009946
10.142317369077325 184.83671080508128
31.98428072575211 194.4508128848113
90.34359752175227 198.38801502825868
98.62694982960119 205.61424220878396
123.88850952043981 210.40089316081293
101.4740162586064 220.84351278999836
59.47758089472377 225.14540304284705
= =
= =
20.395687384872645 0.8611695551105643
103.16847340500465 3.40173694562439
6.8130366014170995 10.973526493418964
131.58047318527184 12.294813369277584
153.66565307412253 16.234636207390995
98.47981332582746 17.216462418293876
77.3179733711594 28.364552593801065
76.01951929942777 68.23705400757088
215.1702686127941 80.274533180029
53.529996121655344 81.74129686329148
75.22677660860114 97.16626481493795
163.8304830543313 98.99616213188281
216.1722833334067 102.82817111171771
176.84470675052782 104.96065109717674
28.31235634444772 108.4965030805366
95.20371600608003 121.73040606588832
143.03916573225084 122.9595981979982
188.6746097275849 138.50405133389404
186.37547244020888 154.02528175384268
189.90349972939168 164.45052014445375
1.3995689780768705 188.14371576168193
23.15901198071607 197.82509156376702
81.35457640197593 201.7985459427667
89.73440177303381 209.0283285690289
114.98388148732856 213.85872417067307
92.56281284211475 224.30356639343074
50.68001402539174 228.5376011654535
139.0977114598229 237.61684939193296
188.6392045218169 238.7876516186958
204.2364450114331 239.43744322843162
= =
= =
162.9084399371927 1.2390976601221002
107.98273047274665 2.0733058999465617
86.84940322583222 13.030496990022188
85.53541598702994 52.79010164109671
192.76071448862726 54.84207024748704
224.35006694033362 65.0505516420592
63.06806585579142 66.19876200932387
7.6932673664699704 69.06443811962288
84.78419628318629 81.61228129366181
173.2729557326637 83.5550049417232
225.43489454046963 87.52021889032304
186.20160966495456 89.51462132375504
37.80112582722726 92.92985383502143
104.75950805269473 106.15998189658394
152.5020198406097 107.37787159874829
198.01578737186531 123.03690825391507
195.7933841380865 138.50261902428255
45.06688566843429 142.12008235559247
199.31852649288493 148.95544254990585
69.09014294295034 153.0328363172541
10.56363540785474 172.86325087282484
112.38621034049851 176.48154223486728
155.03149383482273 177.41553543659705
86.75221450417813 181.39606126628323
32.413367954832374 182.4666271225948
90.89749906021959 186.329378793867
99.14940496263301 193.61705240672524
124.49677930901825 198.43627365388446
135.05917810311416 207.7774174963206
102.00619941187406 208.9534927898554
59.96962103078323 213.28933464376797
148.58773631179938 222.30649724806585
197.98202432699898 223.34976208157263
213.52719604334996 224.0746680118906
12.463927960394221 225.6954211164449
= =
= =
135.3265418171097 0.2569306395022138
157.33130756498625 2.90796575246039
102.40179063377832 3.7800457285505806
81.22555586653847 14.769877858768554
79.92859255321605 54.48485824306901
187.1575522762105 56.54470957773001
3.850946615367588 61.00415695979267
218.85182682134604 66.72647925886456
57.506183376509114 67.9870300948281
2.162007230144464 70.83094049518589
140.10301569671918 76.93982412978428
198.37495245358733 80.90163447496631
79.11911852424167 83.36289003584479
167.7402921280654 85.26443933224292
219.94677086687818 89.22811567998673
180.6730949269256 91.2373012913352
32.18269360070159 94.6764141376884
99.08231251707844 107.95504212059316
138.70322271169644 108.21652995840826
146.89265717484528 109.1471391229397
208.94793937726308 109.06634677448744
49.52012791924522 121.95219856908612
192.4426135976676 124.82245786093083
85.87820705124906 126.1693704042875
190.17644808856514 140.25989855390455
39.51254231599399 143.8533601233371
193.74076208401175 150.70608826061326
63.497672672258744 154.77665668274878
5.075010751378503 174.44576565141793
106.75895252074756 178.20351109808874
149.3509304144365 179.17022698402374
81.06299907845714 183.08138879274617
26.892232428103803 184.07667997284605
85.22194981504828 188.03092174999722
93.5230300608548 195.2551140433841
118.83148388330855 200.10605086010284
129.40472805486053 209.4395209426936
96.34595755385249 210.5668179948035
54.37081465590848 214.914220430205
142.9264245135838 223.98829951961383
192.36676519049877 225.0579635746565
207.94684365703347 225.7968821685061
7.018701324572816 227.14761809605858
= =
= =
163.29840712150775 2.7366536138479853
108.38409570947128 3.4716441351218537
87.24118058695967 14.456995210822564
229.2191793019301 46.69167460279025
85.95660704387977 54.22342810860484
193.17950521254969 56.32428332013261
9.765651899463593 60.62811906152422
224.72276569985763 66.52703952861951
63.483333195731454 67.66090730701679
8.05585951974754 70.38205243415581
146.08676772940206 76.64700244963566
204.27031777979022 80.69153314540887
85.1492302148008 83.13225805300445
173.6749878295755 85.07496811664694
225.75021102123043 89.05340322386522
186.587730646003 91.05440800268455
38.1133487200777 94.30399898601708
105.09162999653184 107.650398575731
144.66250986435435 107.98099047274656
152.85715881711306 108.93767701864091
214.79376496293372 108.84121624981023
103.11722373858044 120.99232418735797
55.509610929822124 121.63864109929898
198.31804198719294 124.52601790845507
91.87169644816183 125.94140862756184
196.09165851541408 140.04792366168863
45.44847540030153 143.4807893802551
21.737700715599843 146.73348649649526
199.65160412622706 150.38508428624445
69.47692149899147 154.42088557977206
10.936621801257617 174.2566451349026
120.73202303622755 173.53757316566205
71.2451863475118 177.6548639751187
112.72067309495559 177.96538690613892
155.2937837529606 178.91538189018888
87.02890914400714 182.8442160596687
32.79597425816239 183.8708905644904
46.01601234158412 188.49335875142842
91.19208481197867 187.78280956650033
99.52187338591402 195.05358856156133
124.76587248599101 199.85848195914204
135.32385306329363 209.15687786226607
102.33068382535647 210.28755692646396
60.21897244290633 214.69442875868938
148.85835042902926 223.69853852247724
198.22525742691215 224.79525912170772
213.70157940951054 225.45408900824782
12.707688395639606 227.06170458539782
= =
= =
159.98849268247625 1.916671565562807
105.0811916042564 2.740811476236769
83.96658232719173 13.69346463028029
82.62209286142459 53.4540540221354
189.88449812347054 55.54406854524939
6.523491925212379 59.89662960163926
221.45136023927668 65.77351403068187
60.141634379031466 66.88189513823077
4.846249284241451 69.68534111509187
142.82919974313575 75.83967434274128
201.025303616694 79.82909757953662
81.82064213713926 82.3278097467091
170.34365633615175 84.23504515072926
222.49967818013658 88.20576256320356
183.29551492552497 90.1840957723045
34.894581644550954 93.58990921865089
101.81205685464171 106.829707461734
141.34534167014988 107.18001655575252
149.54958902453774 108.09262286268644
211.5952738249926 107.9955167038941
52.183433379263924 120.879239889279
195.08036152963672 123.71632990256695
88.54725568272983 125.12927491312315
192.8721086353168 139.21746630087296
42.15297215361719 142.7547902717515
196.3927403051037 149.60669383942897
66.1422931778698 153.66183548825876
7.696127326961505 173.45225579649843
68.01097950884656 176.89213601096048
109.44303658335767 177.1571396890287
152.05785128029058 178.08523680514668
83.76590909423834 182.02518775838345
29.514353882269347 183.0884908598717
87.94039299068876 186.96621731600825
96.22550065557087 194.23931808621643
121.52462762280582 199.03733511895095
132.08914981318014 208.38086328352506
99.05823527662143 209.46755665217842
57.06674255352621 213.8730814411276
145.63512984434945 222.93592050620472
195.0750670519323 223.98673476387546
210.68113588391932 224.71702293610215
9.56461139149488 226.26529126393035
= =
= =
8.772655123200297 0.23056938714545158
133.30940434552116 0.6782897381766686
155.24478206412707 4.365904037373861
100.28306284332085 5.219072927518539
79.11658413831164 16.243701080446296
77.79435293936864 56.02166732708231
185.08544372506225 57.97972978358027
216.7976587622622 68.17026709679513
55.311105602424746 69.50868520268459
76.96361036188502 84.90529182683586
165.48665695009564 86.76217080740011
217.88481273562758 90.6970210997517
178.46616166277727 92.74012741689248
30.059050572796114 96.21034467640774
96.95068318412294 109.44960338042762
144.65735984776995 110.64375618390783
190.31790959225287 126.29767464248009
188.05357588552337 141.7862379286622
37.331296169444954 145.32699740574492
191.63261056887723 152.22593204837065
61.26930852842704 156.26620545470422
2.9968487706653844 175.98009739647372
104.47986700476221 179.7114446517026
78.95735631552307 184.56943706319979
24.810763322840373 185.5385630621944
83.08795605947147 189.48005764745716
91.26019784672555 196.79165775429072
116.60395397578084 201.59488668426113
127.19773204576337 210.963288118385
94.18100051998489 212.0529513328031
52.23798229131382 216.36318871616268
140.77323285156166 225.45327194954442
190.34745477956855 226.57756710557467
205.93002321733712 227.32353241224777
169.7641131979573 229.73336072463684
188.04526774317003 229.33835532989426
174.45301437139514 231.37879109590642
0.2982447922057052 233.59420574070978
61.196954341957735 233.39307954170104
84.8388646531891 233.49619675337541
148.05440979800193 233.36050980505564
191.34934460407533 232.6932351816913
215.80036089821968 233.4828461297666
19.430735705470997 234.4773693317966
102.15326426880199 233.8047000737032
223.67511933106192 234.46410944471586
= =
= =
155.226009429351 2.372956610927136
100.25353766610097 3.280006061729871
79.10750028259825 14.262667920675883
77.75855604814811 53.99777125814849
185.05775847000285 55.98964695992197
1.7451482789729393 60.539429746586556
216.7905853922636 66.12069401017648
55.320506874307185 67.46628413433552
0.3091088803894986 70.27301057499693
137.9622417496108 76.35197274420625
196.2978029228945 80.35965597214779
76.95771777838443 82.82951247395873
165.47613411371918 84.73172741986163
217.8316268932305 88.70196743684444
178.46534943972634 90.75828294648132
30.06434832109599 94.10424726309745
96.9294904600702 107.36083097443003
136.53576601426565 107.7256821909853
144.69422069383285 108.58093670920418
206.80989636340655 108.51209212318156
190.29319324881268 124.29815739127227
83.69585082743434 125.63328959427207
188.048600823564 139.80311533270554
37.313693272432026 143.26218888945152
191.66296144994902 150.18079843162704
61.250027799536376 154.14368656040807
2.921489233120751 173.96426393190862
63.161125973890094 177.37200525923257
104.56668033299103 177.75032057225548
147.21963928225406 178.69782371430668
78.90746751749106 182.59957229223946
24.759090052653686 183.59587099482115
83.05268534605185 187.52686869247003
91.34496989243095 194.8294994078204
116.64390788071371 199.6512158889601
127.2295491894145 208.9908203555472
94.20371374107255 210.09349009020198
52.20501663152926 214.39134007086776
140.84519954761714 223.59761481684006
190.26017062578205 224.70620361033372
205.85737608492425 225.43230918227454
4.900162483869258 226.70679494836136
= =
= =
108.08440462728034 3.4697982351763264
162.93980897895668 2.613845846867004
86.93960305914563 14.427798477153123
85.65424834742558 54.18883051634026
224.45978061215405 66.36837426014151
63.157533873079416 67.67450820963468
84.86942000523197 83.08649993968523
173.41245629721107 85.00248204244241
225.5036879620324 88.89966412376798
186.32629665622693 90.96334673123228
37.893650004275756 94.35364570005143
104.83359880692399 107.67098753033318
152.61170518471118 108.85244284993907
198.1106740055227 124.47613999613738
195.88187671591575 139.94148897568164
199.43325119981927 150.35553379492683
10.735364662238478 174.22324404366154
32.57837276881079 183.8799476069687
91.00539752432044 187.77006697844638
99.28086023423407 195.02678465213177
124.59625108033411 199.84578636203756
102.13051637977038 210.30153611434244
60.10197434290612 214.7128423762078
148.73827890503233 223.71769615408832
198.11501232232877 224.74281250268803
= =
= =
58.73323418820424 53.453336145254454
198.1686988539256 65.31406188346364
57.850296384102634 82.25276858313579
159.52544927943342 90.03152171491472
77.72404710002654 106.79739533797252
220.60617463223403 127.54323642833997
72.23232063132288 194.100845050202
= =
= =
133.45658455437666 0.44478764244145336
155.40894055505072 3.673640948186062
100.46861157487872 4.536959717062572
79.28432807731667 15.527805238557205
77.98713967717771 55.287771578016944
185.31633675318398 57.29822850178235
1.9662684512810487 61.847994622527835
217.01680550955194 67.43906259854593
55.51314207411331 68.78773845764653
77.14274140146003 84.1666396342223
165.7955824777367 86.02654928866848
218.0591207177493 89.98201403192598
178.7554432933193 92.00089326141288
30.249851579034566 95.47366905370707
97.12203023924461 108.73873320132994
144.93702745471336 109.93483986338966
207.04842457715813 109.83858362687147
190.52470283495387 125.5507734132229
188.27433975133064 141.05744959471102
37.574917499901815 144.61333901211276
191.86762202473398 151.4996155327207
3.1674941198637097 175.2114785290543
104.82493164153445 179.00592443559646
79.1377322751986 183.86889898452185
24.97793362698204 184.86849554246078
83.30393375569913 188.82254521899125
91.60273020851146 196.06409854616084
116.91180137768303 200.91550014101824
127.48859445867333 210.24121829027573
94.49593237053715 211.35355374365398
52.512048432837794 215.68159113746626
141.04712186651497 224.80912387787788
190.53896510793138 225.94250077857492
206.1397062859318 226.59719298135266
5.147664487063229 227.92740773314605
= =
= =
99.69805999281185 2.6115238440977286
77.21853370199361 53.333572218591726
216.2911143513993 65.48683701140526
76.41680703012261 82.16453579630078
177.97986874492963 90.00230545961894
96.35758577289928 106.70096574026266
187.55181324460594 139.01761259315802
24.23907644803926 182.89626945171966
82.54662132139124 186.82059761653127
90.8515556111641 194.09245478852566
= =
= =
107.56648790621337 3.5555058401470356
162.359488047335 2.8235775443712776
85.12297779308842 54.267170659948356
223.75541535210445 66.5790156687676
84.334891520873 83.14358052044908
172.83388590479328 85.0184608575443
224.89063882355663 88.97580651437045
185.7526375044415 90.99459174012578
104.35127464232953 107.65734715999017
152.08235522296684 108.88395704462778
197.55399746215508 124.53156959335544
195.27194994651057 139.99871134749162
10.088203213396016 174.33389437120556
31.992212876738886 183.94059577588598
90.50928386560781 187.7953582250047
98.78935699676718 195.06555927602648
101.65388524327298 210.39268078379285
59.580560763395724 214.79201501209585
= =
= =
154.74111807557145 2.9690616769964544
99.79752937201965 3.8720952363006065
78.62662018551201 14.879252435432116
77.24906148248293 54.635935035655116
184.62279482862908 56.554274125113864
216.34898873889676 66.77674661351729
54.88959734226276 68.12713815228484
76.46609813778862 83.47091282160075
165.0864131383517 85.32381951266127
217.4291603748922 89.32054570371571
178.03494312591184 91.31836847425625
29.683679566645292 94.85398102095405
96.52048936159655 108.04518096000864
144.2491794574734 109.22028917003347
189.9044787489221 124.91150812152235
187.6707598305884 140.35980841841075
36.937980745247515 143.97569272615755
191.14727445642248 150.87430752125462
2.6223629795012684 174.62229727098986
104.15369949818647 178.31614540911485
24.33124270578974 184.22008392417527
82.69917840570051 188.15749889796922
90.97803383018147 195.3637918306829
116.24483926497979 200.23981971285983
93.84785116509266 210.7686703870308
51.86015976572895 215.08595055855787
140.4020593377871 224.19636754787248
189.93661236953358 225.27406982743577
205.53741927167 226.0164984394826
4.546851753013594 227.34431780771163
= =
= =
7.937966215028829 0.18078997563897323
132.59320110742274 0.492715200094092
154.5105714450735 4.074310956875283
99.57530106717653 5.033141603076831
78.36654508548843 16.083316237526574
77.09012285877552 55.8510047230951
184.4304691593182 57.860485635912006
1.131276366027856 62.329474028917744
216.14860795315957 67.95112563975984
54.66927132180721 69.29472169272492
137.27608187758693 78.19244671120121
195.66713437138299 82.13596673860509
76.25827469949341 84.73920400041706
164.91834237633446 86.5156674442624
217.19620632230382 90.47165797911414
177.89964557367426 92.50085173438096
29.419983405561794 96.0237257128487
96.27988708947535 109.24495416377677
144.07688958170368 110.444785769394
206.186773533476 110.31512901629958
189.71756724602395 126.07474395575532
187.40803710361024 141.54439889686344
36.7606591495181 145.17315867252788
190.99490822973175 152.01667712168015
60.72279056855133 156.07819696121015
2.4014838877459868 175.81761790631933
103.94449205100841 179.52294366688346
78.30266986135945 184.40904593170134
24.14945346697747 185.39800878644735
82.51374082080818 189.37998155341762
90.76749743524655 196.6433715305886
116.02209102835303 201.4499488676333
126.6537244416511 210.8337738008303
93.64367158385838 211.9695026164589
51.68866754015819 216.24933043109468
140.21410809023092 225.31502010576253
189.69909321232024 226.41608005912423
205.27850036502235 227.10751926635885
4.37773054973416 228.472189123845
= =
= =
155.13089763166892 2.903078794026982
100.18851310738427 3.807728682148211
79.05050234701385 14.801177758902664
77.76530969163014 54.50909871603824
185.08544728624045 56.548114004054135
1.7435346695027634 61.06633945455369
216.72594162568865 66.65558102453375
55.290521302242944 68.01700940472183
0.3149359541096494 70.89479165331632
196.2408375170483 80.87740749495475
76.93681964786869 83.40022277858013
165.55509691247934 85.24023216322935
217.8505397449085 89.19155741067915
178.48346820297232 91.20611363757679
30.039132525800817 94.72441201564718
96.9244771999366 107.95118398462043
144.72721879033378 109.12885188724763
206.8361852783923 109.04174649045508
190.29789649066683 124.8134677908696
188.06335374767627 140.24850240358822
37.325039816207365 143.88757277681128
191.62459779757597 150.71783966346075
61.314286765295144 154.79863471719815
2.9616338286069426 174.48440075730605
104.61473493484408 178.21693426011825
147.24082572100284 179.1656271339388
78.94723426563348 183.09087160444557
24.77658206228484 184.10373373696143
83.08800233740803 188.04735769032246
91.3728454443653 195.28141677503615
116.72283477153904 200.1213088199664
94.25808611013385 210.65680652858052
52.23650828973292 214.96558197745878
140.85387987291514 224.0322283050412
190.31533121165756 225.1049746083193
205.9296666812912 225.86184328615857
4.924172835299474 227.2054989034985
= =
= =
108.07764914170326 5.186901519805914
85.84112990251074 55.80060473726373
224.3047771795556 68.13074720555161
85.06650070642728 84.64163827734815
186.39325710146545 92.55203122533092
105.10471041299182 109.14928563643822
196.018529986997 141.48283834668428
32.820887946118894 185.34831210346618
99.56147169879935 196.49238595868235
= =
= =
157.11390407761778 0.41269862311731226
102.27147713836165 0.7515661402051715
81.1334367524623 11.618526357726598
79.83259491547523 51.288249705524706
218.7390103736589 63.49339679570624
57.35119828444512 64.85094269248866
78.9883453557757 80.17464411954892
167.6056838248326 82.08745616793723
219.86376137804479 86.0897779555295
180.53807648671855 88.06251599324442
32.088252290978545 91.46653181107969
98.97554923014016 104.78512252536908
146.77326927174067 105.98074606828843
192.33153687885377 121.61348140347053
190.10906005174425 137.10686890793434
193.66646856843803 147.4769631784784
4.936103164949254 171.24659658827994
106.61927198682712 175.05035387806913
26.747607866652412 180.9753757723538
85.1157460534165 184.93215204101566
93.3961642102864 192.1241187195956
118.7196312699712 197.01925365912862
96.25534343294986 207.4315032589576
54.21671087251829 211.8710261818055
142.8867328125176 220.95940576187903
192.36817000760863 222.0186129377416
207.9783821199452 222.80113786292682
6.835523826551865 224.09202448220907
= =
= =
158.5005529330745 2.661411286245044
103.61121527404144 3.5191408124102477
82.4552292326348 14.558168879943578
81.16055113565434 54.28746409338177
188.43803192672948 56.26155427621636
5.080592776477743 60.83270371326649
220.09292550884433 66.49102204197155
58.73342686938764 67.72465429981344
3.3954334034315625 70.63029706828154
141.3289943520308 76.70982950353068
199.61601514419647 80.56045229420074
80.34796416310628 83.19087555141056
168.94798326536076 85.03979516059316
221.13496769764498 88.99802883688395
181.89521414098542 91.01389475377745
33.488606430164154 94.44940199746121
100.34216861272516 107.72114950935611
139.93122282720608 108.0107612291443
148.09787649801672 108.94812589752908
210.15216887905783 108.82545781041848
50.83465604489334 121.7394700292796
193.74039143027372 124.50561290430451
87.12909082050521 125.98929212932148
191.45236511163017 140.04210873175163
40.80628857070417 143.60577919867615
17.0531171930656 146.82441471998033
195.01358791706633 150.4201202263123
64.79958099138659 154.46655532641392
6.292967877049512 174.2710828442208
116.04672494601598 173.63337297528193
66.58691292271536 177.59036256480934
108.03233236953541 178.00825662646025
150.6968487942016 178.9363273679647
82.3832097214386 182.8959226947003
28.13486949082649 183.92071808188575
86.55684565912975 187.82389525813886
94.8617911816869 195.07134595606962
120.1024654404556 199.91050243810386
130.77000188806613 209.18200432866138
97.74145132447757 210.35595569327353
55.71594650225858 214.756384982602
144.25348908696648 223.76823304228455
193.74435436417824 224.86578012696603
209.313046324442 225.52060594951837
8.238724635974036 227.03570623228833
= =
= =
225.33673140802733 68.5088715300446
85.5563316620777 85.23468008134945
187.1045975935496 93.07896021289373
100.03862432469582 197.1820622886818
= =
= =
109.29966656226651 3.3127872098319138
86.81652398421573 54.06282367391274
225.62606921329393 66.15899196695788
86.00519452861974 82.98649692574729
187.469879731767 90.73716213203797
106.07513820300073 107.57162026747486
197.02244372466996 139.79830968532912
11.837490304123872 174.1959085309598
33.719340720178536 183.81335567066716
92.19040776653212 187.69447244396972
100.49483052261344 194.99909366452334
103.29705732729575 210.26225324868648
61.23603059580648 214.64790434405631
= =
= =
156.51885660257702 2.7009470127075828
101.56631040934536 3.6256723574191705
80.4242326230109 14.67976909018364
79.10736024609537 54.37702157334226
186.48057509577913 56.305390923454695
3.090731705336239 60.966733000114104
218.17219113754047 66.52887679124117
56.69861928368382 67.88422865424282
1.4340243217182123 70.77466422462966
139.29594809462256 76.77605349508399
197.6472430709485 80.62063467478434
78.28551817524361 83.26429228635149
166.94979449988986 85.09180193857695
219.22288569443427 89.05265613650042
179.91322389205052 91.07140523374063
31.43210319061294 94.5735889540672
98.28376978017982 107.8389110411927
137.9196632411775 108.07416570961323
146.08991204447895 109.02292626874754
208.22229224673472 108.90899546026733
48.79764767115331 121.8929094834733
191.73546086851817 124.60412497939674
85.07703781512085 126.08759249031604
189.52975138070252 140.12781832947394
38.7768444689142 143.7887285635298
193.02426259401085 150.5055557222347
62.758248941296564 154.65181370030734
4.358334560760843 174.38880365394724
114.01766081223583 173.82306327512654
105.99997670727156 178.12760107216945
148.70863925843918 179.07252667472414
80.34140699384922 183.0282420907631
26.13917184010476 184.04095182948748
84.52109825474945 187.97814833346536
92.83523040259641 195.19642521701124
118.09538999245282 200.05264142077837
128.76582667336206 209.33859484393327
95.70993965660668 210.49809917204087
53.726541485930994 214.89811065909913
142.2751947115598 223.9279800459548
191.8144342676496 225.01573086981892
207.41868472982912 225.70225149336815
6.326844022603346 227.1339378324753
= =
= =
7.151029241739868 0.41975750513550475
131.86484249383867 1.380678017423895
153.75463976570535 5.295716985951745
98.77857932501179 6.196514986025552
77.59752348070296 17.206209885060208
76.21617363926146 56.99033298480484
215.26437963170332 69.18519387434206
53.80772670156246 70.47493000303103
75.38238541880727 85.9063022081551
164.01747404633088 87.78942188700368
216.2976474708166 91.74274070397985
176.97784244288493 93.77238399099613
28.577661445153947 97.12427528671188
95.38503936901694 110.43380159824457
143.12336226492602 111.6800985589379
188.78867179685454 127.28273829978264
186.48557373928824 142.80150584439417
190.04091595457783 153.20513362662132
1.5200610464529005 176.85413355432638
23.228484288943 186.49415005882742
81.52470233650133 190.49664037050456
89.8143325082818 197.76017891409896
115.06543586098546 202.58664238030283
92.66023033649923 213.0177189451388
50.73938027977466 217.2788880428748
139.16412674506338 226.44699232045028
188.68525697397558 227.5671633195092
204.22144614933666 228.2253567321744
= =
= =
36.557787454550386 19.361745961204036
129.3065988682052 26.68558542598128
11.856220556550745 44.9361777483832
106.96888910158945 77.7650723717217
106.18323472538006 106.83795236704802
207.29562969864057 114.61360452535938
126.2353254947293 131.39741507916506
216.5109320298944 163.3725517657279
120.50264812988274 218.38697246525862
= =
= =
163.35296270305864 2.263518487368496
108.45879089490923 3.114964124958275
87.28594009704314 14.071538750372481
86.04046323927739 53.802985158682766
224.81338830350214 65.9663748753578
63.614073536282824 67.24100063542834
85.21045831222219 82.75097454728375
173.82693647120308 84.48592730433069
225.90859922599958 88.43241033246169
186.80113785340598 90.4841212272571
38.29754907679531 94.00186122376778
105.26446829898357 107.20917094748263
153.05018257894562 108.39285959380588
198.58365689211206 123.99992458803344
196.34751917608133 139.482158287207
199.90775118013354 149.9012077647008
11.126980531742113 173.96012818090037
33.029640678742545 183.48220580290308
91.50108356429561 187.34831386323197
99.82818590374248 194.64784276676272
125.09215920355449 199.40667602125978
102.70408635251388 209.95543501140784
60.62175298271058 214.34124705991832
149.18530598441427 223.22730511379805
198.60781527565072 224.24567962679967
214.11280968111438 224.92204066787477
13.0837220041595 226.79413179355765
= =
= =
164.0175375651394 1.7932551015763656
109.14192031919193 2.6483657467947443
88.00232821869099 13.581475566375646
86.78203970048492 53.297273707575414
225.54246487553527 65.50731324270382
64.25912720666366 66.80857622666434
85.94218607832809 82.20502032842003
174.47155695272258 84.0225263222617
226.62072418072435 87.99126607791445
187.42494085171188 90.03072800398452
39.024562923018706 93.4396531672542
105.95435864970864 106.72780295684127
153.7432984640668 107.9119357557036
199.22919956914407 123.5060236139405
196.9902926960596 138.9965440157005
200.54200893102043 149.36152529169001
11.84378698810308 173.35753909046954
33.718964929325416 182.97858823281624
92.1492657362146 186.8586497991649
100.44110497058527 194.09726029437445
125.77055224689674 198.91597904683135
103.27962789125829 209.38056677835652
61.20770053721884 213.84392000720365
149.85818395139916 222.7816237491762
199.24562893404882 223.7705498261625
214.75990513142148 224.44462526365544
13.74759646836271 226.1855303848066
= =
= =
142.26272396864414 0.5986447885581139
164.20777534375526 4.2111214398784576
109.29268675993781 5.059903858627605
88.12789993435493 16.03048133120467
86.92786504052624 55.82012163289851
225.68163705607716 67.95768428699094
64.46203282899273 69.27361791827354
86.09125931264595 84.76810519939814
174.69963659320996 86.50763231049476
226.8045579652729 90.46943143181277
187.65129963087273 92.51155199346293
39.161014301472655 96.015054212849
106.15718814561505 109.21624906352737
153.93907472691203 110.41543048184214
199.43158987345763 126.00257922454183
197.16690218530474 141.48257537545695
200.75612257277137 151.89470634260275
12.026905292355169 175.97310620090232
33.936371209034746 185.50084975071232
92.36426181373947 189.34673198216223
100.69143733648379 196.64626591218013
125.96682236498565 201.37506366491525
103.51878322037777 211.93988141303262
61.4922105027153 216.3211804741066
150.0334509946266 225.1880535330685
199.42733839467658 226.1512750848993
214.94652790560423 226.87822287375448
14.000281134345464 228.74691036701384
= =
= =
157.651145403545 3.095439413120379
102.68466469607635 4.012514819860412
81.48777669236597 15.018835060949709
80.177468894034 54.80765293295781
219.1654388877596 66.94430755920673
57.76340656525007 68.23355336715484
79.32585461164858 83.7273309938454
168.03457668404138 85.50609641130707
220.2988153912812 89.48284032950778
180.99807576753318 91.48312133431953
32.50957836691593 94.98434829293818
99.37694637835537 108.19087482370942
147.1896921634357 109.39085550393065
192.83028154323185 125.00902882508795
190.5773539329023 140.51194592021164
194.10391970167353 150.9531327847396
5.3709514716892235 174.85094750608405
27.173685489559578 184.41850229426115
85.58000097968393 188.3167575843292
93.88414002351931 195.60735912259818
119.15757237678132 200.42586863913468
96.749728176251 210.91776483128032
54.73964489681571 215.23944691987512
143.29664013748126 224.26072541261175
192.8271338737185 225.3302626525411
208.3980155260827 226.0051804193102
= =
= =
163.58607266546807 2.7572630534181144
108.68305731737168 3.5862785780764987
87.48804178986104 14.564490496229825
86.20689795146781 54.321442545138396
225.00767514537088 66.56701041620288
63.81631301340678 67.82703003467996
85.3853278439545 83.25978516853031
174.01412797957104 85.11190018841732
226.12832430869318 89.08911571731218
186.96153303385947 91.09599406252774
38.463619671797154 94.47605048748552
105.46276357099754 107.8123281536156
153.18245379255012 109.00436216089238
198.77083956448723 124.56516875100364
196.49351000102106 140.0608814652486
45.862082516094794 143.7547329989386
200.03242479554504 150.45213149682715
11.279077639255298 174.42598262549774
113.10438993005168 178.07743039974304
33.14761081776381 184.0260618920379
91.66764517014455 187.92462418474216
99.94502471194747 195.1455854515181
125.16739078922387 199.9711906358648
102.82092498742865 210.41511250456867
60.77026826710082 214.86958429495058
149.3086382396229 223.79014063462247
198.75509408144302 224.82370497337433
214.19908964743746 225.41323333047836
13.19918346909912 227.18618048923088
= =
= =
109.37412722602518 1.151291228497948
164.14084870131333 0.6183242598994494
88.19421744032329 12.056109543482064
86.98131036788625 51.806116943275995
225.68908736639943 64.01800129582607
64.45786549812676 65.22956314892183
86.10202676130841 80.7482979649445
174.6993417768149 82.50629406972327
226.75877696708196 86.48316225796255
187.60534690198867 88.47850751901869
39.1934251337786 91.96429217207468
106.15213566497174 105.18445707448153
153.9583324257405 106.38196740119477
199.36848666627517 122.01352158073868
197.14008341495534 137.4944629776376
200.7406290255712 147.90132451364155
11.976756008493249 171.94576670402387
33.87618393514869 181.4964995517196
92.29804305030001 185.32128940305125
100.59961362317787 192.61991110572876
125.93378702484826 197.37610715855277
103.4405127356078 207.91323747345223
61.344833001548594 212.32354467869072
149.99670155302553 221.24319453887887
199.36226205203457 222.23323825336817
214.92069227586094 222.97112605678836
= =
= =
217.3601088890218 67.1027600700567
77.6503050271291 83.82108781305118
179.214105450378 91.64135096025275
97.71366626219331 108.3183903901541
= =
= =
154.96202522958853 1.1189133200411352
100.01757506492285 2.0418660633631136
78.89130572980908 13.053773494778838
77.55709352440137 52.79765515738409
216.56660490414538 64.81591245474723
55.11585932911098 66.18216326211473
76.73111579501895 81.70275724922111
165.35384036238028 83.40507150239516
217.72103944906777 87.31743816627328
178.32389417298575 89.36469322994479
29.94954741549118 92.95168815596473
96.80139829660433 106.0847936726465
144.5350570696885 107.25212182488377
190.14102208487947 122.94583731584837
187.95067113237792 138.41166894208075
191.4925755796648 148.89334871222744
2.881727327352287 172.80273061076332
24.67331917302797 182.27680635773308
83.00036054294851 186.19431790630367
91.22692893722284 193.5149897285314
116.60762829261061 198.27484763983279
94.13972512746078 208.87674828211152
52.132939290678394 213.13904843001464
140.78407558967194 222.19661142776525
190.28102219121305 223.30483875703464
205.91994911665006 224.03230636218848
= =
= =
156.7513002629922 2.057053970437919
101.82157761991601 2.9677986041950666
79.32759162899134 53.693157395309136
218.28788179709306 65.87202873133963
78.49191045388335 82.62313154238782
167.13807789665918 84.40926417724191
219.43114139987557 88.36989290768265
180.10633279413824 90.37685453348764
98.52081014653731 107.05924366005537
146.3169259311344 108.27736645801143
191.93277311059578 123.9110496598658
189.71923368237248 139.40940629716843
4.5231281105660495 173.73641256808565
26.339447362649945 183.29156883485285
84.74871461596481 187.2195353401039
93.00546838661715 194.4874656741274
95.89738613748229 209.82539792385674
53.88893450046986 214.16996647418526
191.98606140283968 224.29203426304724
= =
= =
155.5474595759772 2.365817687824886
100.559249784429 3.3246759269385864
79.37193278040742 14.361446447615249
78.06241720582106 54.137117535198094
217.12171897520903 66.20777334207898
55.62842995069297 67.61330355542124
77.1722106620138 83.10062295170466
165.90699100442913 84.82990433791076
218.17405188180115 88.7823095797919
178.87504466612657 90.80688362353715
30.398677967983218 94.30985098388008
97.2183239695525 107.52273775689396
145.04137580868144 108.77235212689442
190.73768319957492 124.27713970535642
188.43084875557076 139.88487068638392
192.01909575233762 150.22597329436408
3.329220652150562 174.17044122611566
25.110867398667178 183.82755355614958
83.46227032082295 187.70759530070524
91.80651160065358 194.99830800260065
117.0490931041102 199.7927975307933
94.66737064554408 210.21653469703713
52.66580898226898 214.62825994497032
141.21042852568942 223.63522838621006
190.79705332420534 224.74264367652438
206.31066744164517 225.35615668465675
= =
= =
153.61801295231606 2.6765116601345125
98.65880445905088 3.658161024250558
76.22495110421642 54.45222735247493
215.2726574665733 66.46513321712128
75.35317066245962 83.39823030421829
164.01737247727857 85.08484373547243
216.35293416704639 89.00926032142472
176.98677370676168 91.05789925709456
28.622912379048785 94.67287803790285
95.41068375686619 107.87794768457633
143.17787517159383 109.01334046480888
188.8439152135791 124.60630225469984
186.58867016428323 140.09603387323702
1.678529490842919 174.41602381459197
23.42200839875039 184.02235198379756
81.69922338228587 187.94866464589236
89.96228373113546 195.19442831873917
92.85131517010872 210.50679733367022
50.92429868409096 214.83430918975066
139.42313904567007 223.87821902387284
188.98775666704617 224.98442801492823
= =
= =
154.02868085112308 2.026101191329398
99.06974284372015 2.97259314733961
77.9513173056752 14.006719781999438
76.69458938507668 53.72115444980675
183.96347930644464 55.59213814161497
215.70652674797324 65.77599495499015
54.165705870144635 67.23238870619402
75.82769859040975 82.65697718266944
164.4910631159601 84.3443782922952
216.8174111003953 88.31027567013899
177.48787429519035 90.34818488120078
29.008701699182136 93.97978092691233
95.88660224148092 107.1055921798732
143.71032226780096 108.26505358734326
189.28612181445936 123.94970189014153
187.0472779852561 139.37318905627535
190.70885749791535 149.87017635878104
1.9886103434746143 173.81598621092365
23.843468567994826 183.31758074397231
82.0841263478255 187.25962217047731
90.35038964800944 194.54731898114278
115.78002606864567 199.32477210457733
93.26185041016255 209.8923923909835
51.279792868655804 214.21604863234543
139.90934190891656 223.25041084970556
189.50218094902792 224.29648411704545
205.04746555635938 225.06475133035855
4.024774836914663 226.4572763479562
= =
= =
154.1664676718701 2.02467514971039
99.22700257516905 2.952686780644723
76.7597353002901 53.699177615553374
215.73726237456594 65.84422728440933
54.26027757173086 67.15119499602429
75.85237257617823 82.64341698075046
164.5069665986109 84.42246462166375
216.8186290513894 88.38699381806607
177.48669660239946 90.43093644087092
29.046684832986852 93.86709012959938
95.89551400352713 107.1019854174632
143.67745349736032 108.31426890074759
189.24097886371047 123.98756824025925
187.00287134293916 139.48819142968122
1.9501537400712745 173.64396718866166
23.75417082377059 183.21252021134381
82.0228066153675 187.19012848825514
90.2707152577074 194.4973264272261
93.1391868675957 209.79629003620514
51.153338160478896 214.08304866787995
139.73526069155426 223.18278050329434
189.20347381440806 224.30439588289252
204.84565041956245 225.05827619442056
= =
= =
153.2172529698497 1.1542649795377313
98.26311184394885 2.126600419969026
77.12627678474226 13.153320078215804
75.90777138786852 52.85263761849015
214.93018292296657 64.76097577521037
53.47579406268411 66.31841257175346
75.01423721087438 81.82208163318576
163.78054449262834 83.37286258787556
216.07709250737759 87.27532638022109
176.75019037707193 89.33705820568466
28.306096482621026 93.0801094194086
95.13682687840381 106.16332349307878
142.94416961763872 107.28695281316756
188.6278120120995 122.87695865562026
186.40333756727165 138.40338804423385
189.97493282096326 148.84073735448706
1.3248864755474368 172.9754413776007
23.133275295191783 182.4905229707132
81.47712893744261 186.33052624233153
89.80891234941618 193.63422095666502
115.07976665063549 198.37994037577892
92.74600006214101 208.93443335604303
50.72859381730176 213.3135441572202
139.2766628541066 222.24673229043415
188.88884666797358 223.3303270192258
204.4788829366615 224.04965540756555
= =
= =
154.714824266762 1.963651260094178
99.78203214020645 3.038244160187844
78.675113896533 14.084279257661047
77.41370680577504 53.824524197538985
184.74140863622435 55.4857815688479
216.4534052673221 65.66597410368507
55.016503451922546 67.35607932968782
196.00350218056488 79.809795258475
76.5777084638305 82.79572800958489
165.26854031738628 84.30046624936782
217.62953007125677 88.15268881832117
178.2539451774421 90.2605013935137
29.900915886551253 94.09638854083934
96.76890336771949 107.1490974253148
144.52239327349915 108.26655175564622
190.16614152305345 123.7922047821257
187.97681409716986 139.29476119318102
37.25210053773829 143.2660397872719
191.63035252724546 149.72566053035894
2.9846787569006605 174.04992627346886
24.82033738375294 183.50964402439917
83.15107933041344 187.3613614360754
91.4492343523559 194.6456740226897
116.80855570659556 199.37134492348903
94.39031335062602 209.92265558190823
52.38151979914744 214.3701856174409
140.96867797918964 223.22063092866645
190.54190354676453 224.2010248270819
206.09701646524283 224.9286484561529
5.120738529535749 226.72685625577716
= =
= =
6.758701549677 0.3253310524432316
131.51787069912152 0.9855606476591396
153.4325007284054 4.943754392255092
98.45877967274619 5.938961939794723
77.27789809201403 16.994548530244348
76.019883224763 56.7745193893141
183.3048713439045 58.56898800784988
215.03508002577493 68.70130005307915
53.62683922372006 70.1900385059161
75.09180250276738 85.79949548412527
163.89285173392815 87.31402826260741
216.16897879465913 91.25027670292074
176.8677157282301 93.28991529568333
28.40325240190726 96.9987973107259
95.2216499842034 110.11235981002244
143.03545477536224 111.24803971145411
188.70868382041792 126.88413961357007
186.47074790003444 142.35570599004498
35.79351453281453 146.09004845659285
190.01262968452443 152.8460779718555
59.78450965049274 157.01191319473455
1.3962656831744926 176.8448072133833
102.99987034812737 180.37086899577153
77.33155039031807 185.2273254920523
23.18022471086337 186.26508953644336
81.54076422923917 190.19325758400373
89.83232227689719 197.4722422442334
115.09638559033162 202.24362779658026
92.76927337976608 212.84549532547675
50.805421938674435 217.12299959705405
139.26839740828535 226.11811279181003
188.85641345423633 227.17233879884267
204.445677821632 227.89920079789727
3.4751927168719607 229.3480594885409
= =
= =
